3600.000000 0.969190 nan
3600.800000 0.966885 nan
3601.600000 0.968539 nan
3602.400000 0.972611 nan
3603.200000 0.980077 nan
3604.000000 0.996366 nan
3604.800000 0.984681 nan
3605.600000 0.977736 nan
3606.400000 0.976194 nan
3607.200000 0.969455 nan
3608.000000 0.968591 nan
3608.800000 0.971746 nan
3609.600000 0.973486 nan
3610.400000 0.967543 nan
3611.200000 0.966403 nan
3612.000000 0.966727 nan
3612.800000 0.965689 nan
3613.600000 0.967947 nan
3614.400000 0.974186 nan
3615.200000 0.971201 nan
3616.000000 0.969082 nan
3616.800000 0.966642 nan
3617.600000 0.963231 nan
3618.400000 0.960268 nan
3619.200000 0.967152 nan
3620.000000 0.973211 nan
3620.800000 0.968669 nan
3621.600000 0.959637 nan
3622.400000 0.959768 nan
3623.200000 0.968473 nan
3624.000000 0.962643 nan
3624.800000 0.966714 nan
3625.600000 0.985347 nan
3626.400000 0.977422 nan
3627.200000 0.972969 nan
3628.000000 0.973600 nan
3628.800000 0.973190 nan
3629.600000 0.968497 nan
3630.400000 0.964467 nan
3631.200000 0.966781 nan
3632.000000 0.968727 nan
3632.800000 0.971025 nan
3633.600000 0.976678 nan
3634.400000 0.972175 nan
3635.200000 0.969206 nan
3636.000000 0.967872 nan
3636.800000 0.970737 nan
3637.600000 0.979047 nan
3638.400000 0.965773 nan
3639.200000 0.959640 nan
3640.000000 0.959235 nan
3640.800000 0.963993 nan
3641.600000 0.986503 nan
3642.400000 0.980815 nan
3643.200000 0.981942 nan
3644.000000 0.987028 nan
3644.800000 0.978928 nan
3645.600000 0.981287 nan
3646.400000 0.978362 nan
3647.200000 0.973859 nan
3648.000000 0.967525 nan
3648.800000 0.956778 nan
3649.600000 0.969694 nan
3650.400000 0.980971 nan
3651.200000 0.979376 nan
3652.000000 0.969065 nan
3652.800000 0.975620 nan
3653.600000 0.973756 nan
3654.400000 0.974850 nan
3655.200000 0.976810 nan
3656.000000 0.973314 nan
3656.800000 0.967720 nan
3657.600000 0.960509 nan
3658.400000 0.957174 nan
3659.200000 0.959587 nan
3660.000000 0.966603 nan
3660.800000 0.977506 nan
3661.600000 0.982644 nan
3662.400000 0.978164 nan
3663.200000 0.968948 nan
3664.000000 0.971847 nan
3664.800000 0.971959 nan
3665.600000 0.976138 nan
3666.400000 0.978827 nan
3667.200000 0.971125 nan
3668.000000 0.945532 nan
3668.800000 0.935917 nan
3669.600000 0.939691 nan
3670.400000 0.948084 nan
3671.200000 0.954993 nan
3672.000000 0.955499 nan
3672.800000 0.955454 nan
3673.600000 0.958101 nan
3674.400000 0.960084 nan
3675.200000 0.952561 nan
3676.000000 0.949512 nan
3676.800000 0.949038 nan
3677.600000 0.951611 nan
3678.400000 0.955628 nan
3679.200000 0.955543 nan
3680.000000 0.965580 nan
3680.800000 0.974234 nan
3681.600000 0.974377 nan
3682.400000 0.964465 nan
3683.200000 0.963062 nan
3684.000000 0.961196 nan
3684.800000 0.957320 nan
3685.600000 0.953204 nan
3686.400000 0.952096 nan
3687.200000 0.960870 nan
3688.000000 0.964684 nan
3688.800000 0.968197 nan
3689.600000 0.972365 nan
3690.400000 0.967136 nan
3691.200000 0.970561 nan
3692.000000 0.962740 nan
3692.800000 0.954609 nan
3693.600000 0.956762 nan
3694.400000 0.959015 nan
3695.200000 0.970974 nan
3696.000000 0.970197 nan
3696.800000 0.963917 nan
3697.600000 0.970297 nan
3698.400000 0.962728 nan
3699.200000 0.959497 nan
3700.000000 0.961924 nan
3700.800000 0.965050 nan
3701.600000 0.963454 nan
3702.400000 0.969620 nan
3703.200000 0.974887 nan
3704.000000 0.973138 nan
3704.800000 0.966402 nan
3705.600000 0.965060 nan
3706.400000 0.961175 nan
3707.200000 0.956982 nan
3708.000000 0.956696 nan
3708.800000 0.963536 nan
3709.600000 0.971721 nan
3710.400000 0.971419 nan
3711.200000 0.968916 nan
3712.000000 0.964381 nan
3712.800000 0.952274 nan
3713.600000 0.950353 nan
3714.400000 0.951428 nan
3715.200000 0.954331 nan
3716.000000 0.958424 nan
3716.800000 0.960486 nan
3717.600000 0.966181 nan
3718.400000 0.972681 nan
3719.200000 0.974268 nan
3720.000000 0.968016 nan
3720.800000 0.966560 nan
3721.600000 0.965265 nan
3722.400000 0.963051 nan
3723.200000 0.959874 nan
3724.000000 0.957213 nan
3724.800000 0.958992 nan
3725.600000 0.956152 nan
3726.400000 0.956885 nan
3727.200000 0.964085 nan
3728.000000 0.967988 nan
3728.800000 0.970119 nan
3729.600000 0.973975 nan
3730.400000 0.976699 nan
3731.200000 0.974745 nan
3732.000000 0.972266 nan
3732.800000 0.964748 nan
3733.600000 0.963468 nan
3734.400000 0.967585 nan
3735.200000 0.968857 nan
3736.000000 0.971678 nan
3736.800000 0.973771 nan
3737.600000 0.978657 nan
3738.400000 0.982573 nan
3739.200000 0.972662 nan
3740.000000 0.962009 nan
3740.800000 0.962666 nan
3741.600000 0.969945 nan
3742.400000 0.974278 nan
3743.200000 0.966522 nan
3744.000000 0.967982 nan
3744.800000 0.965289 nan
3745.600000 0.959302 nan
3746.400000 0.958746 nan
3747.200000 0.960091 nan
3748.000000 0.970633 nan
3748.800000 0.973449 nan
3749.600000 0.969489 nan
3750.400000 0.973377 nan
3751.200000 0.966090 nan
3752.000000 0.967397 nan
3752.800000 0.974167 nan
3753.600000 0.974823 nan
3754.400000 0.961590 nan
3755.200000 0.958317 nan
3756.000000 0.960774 nan
3756.800000 0.962158 nan
3757.600000 0.958624 nan
3758.400000 0.957489 nan
3759.200000 0.958119 nan
3760.000000 0.964846 nan
3760.800000 0.972217 nan
3761.600000 0.968864 nan
3762.400000 0.961481 nan
3763.200000 0.956894 nan
3764.000000 0.963383 nan
3764.800000 0.978136 nan
3765.600000 0.973904 nan
3766.400000 0.968408 nan
3767.200000 0.958231 nan
3768.000000 0.952035 nan
3768.800000 0.955227 nan
3769.600000 0.955479 nan
3770.400000 0.956535 nan
3771.200000 0.960474 nan
3772.000000 0.965498 nan
3772.800000 0.967461 nan
3773.600000 0.966749 nan
3774.400000 0.968569 nan
3775.200000 0.967360 nan
3776.000000 0.963839 nan
3776.800000 0.966583 nan
3777.600000 0.963328 nan
3778.400000 0.965222 nan
3779.200000 0.969477 nan
3780.000000 0.970999 nan
3780.800000 0.967431 nan
3781.600000 0.966048 nan
3782.400000 0.967354 nan
3783.200000 0.967828 nan
3784.000000 0.965325 nan
3784.800000 0.967483 nan
3785.600000 0.967276 nan
3786.400000 0.966167 nan
3787.200000 0.966704 nan
3788.000000 0.970597 nan
3788.800000 0.970400 nan
3789.600000 0.965779 nan
3790.400000 0.965291 nan
3791.200000 0.970308 nan
3792.000000 0.965998 nan
3792.800000 0.967370 nan
3793.600000 0.975855 nan
3794.400000 0.983821 nan
3795.200000 0.983541 nan
3796.000000 0.978606 nan
3796.800000 0.972266 nan
3797.600000 0.968427 nan
3798.400000 0.965333 nan
3799.200000 0.959479 nan
3800.000000 0.959461 nan
3800.800000 0.955646 nan
3801.600000 0.953403 nan
3802.400000 0.958835 nan
3803.200000 0.971572 nan
3804.000000 0.972711 nan
3804.800000 0.964815 nan
3805.600000 0.960486 nan
3806.400000 0.966380 nan
3807.200000 0.963904 nan
3808.000000 0.966348 nan
3808.800000 0.969955 nan
3809.600000 0.971878 nan
3810.400000 0.971205 nan
3811.200000 0.967909 nan
3812.000000 0.961458 nan
3812.800000 0.962022 nan
3813.600000 0.969440 nan
3814.400000 0.969266 nan
3815.200000 0.963868 nan
3816.000000 0.966488 nan
3816.800000 0.972345 nan
3817.600000 0.974340 nan
3818.400000 0.970409 nan
3819.200000 0.970361 nan
3820.000000 0.967446 nan
3820.800000 0.963148 nan
3821.600000 0.962333 nan
3822.400000 0.965491 nan
3823.200000 0.966108 nan
3824.000000 0.964607 nan
3824.800000 0.965187 nan
3825.600000 0.970780 nan
3826.400000 0.961081 nan
3827.200000 0.965146 nan
3828.000000 0.969526 nan
3828.800000 0.966483 nan
3829.600000 0.968851 nan
3830.400000 0.964362 nan
3831.200000 0.960268 nan
3832.000000 0.959438 nan
3832.800000 0.961782 nan
3833.600000 0.963447 nan
3834.400000 0.962514 nan
3835.200000 0.964101 nan
3836.000000 0.965605 nan
3836.800000 0.962054 nan
3837.600000 0.967313 nan
3838.400000 0.975313 nan
3839.200000 0.975288 nan
3840.000000 0.968004 nan
3840.800000 0.966719 nan
3841.600000 0.966187 nan
3842.400000 0.965818 nan
3843.200000 0.966037 nan
3844.000000 0.964923 nan
3844.800000 0.956293 nan
3845.600000 0.958338 nan
3846.400000 0.962902 nan
3847.200000 0.965022 nan
3848.000000 0.964778 nan
3848.800000 0.966801 nan
3849.600000 0.964232 nan
3850.400000 0.965595 nan
3851.200000 0.971140 nan
3852.000000 0.971755 nan
3852.800000 0.968511 nan
3853.600000 0.964540 nan
3854.400000 0.961982 nan
3855.200000 0.963017 nan
3856.000000 0.969728 nan
3856.800000 0.963301 nan
3857.600000 0.959194 nan
3858.400000 0.960789 nan
3859.200000 0.966757 nan
3860.000000 0.976555 nan
3860.800000 0.973804 nan
3861.600000 0.968488 nan
3862.400000 0.966704 nan
3863.200000 0.968080 nan
3864.000000 0.964621 nan
3864.800000 0.959318 nan
3865.600000 0.961027 nan
3866.400000 0.970496 nan
3867.200000 0.973282 nan
3868.000000 0.965685 nan
3868.800000 0.960312 nan
3869.600000 0.961608 nan
3870.400000 0.967262 nan
3871.200000 0.967335 nan
3872.000000 0.973925 nan
3872.800000 0.973911 nan
3873.600000 0.966871 nan
3874.400000 0.960952 nan
3875.200000 0.959170 nan
3876.000000 0.967102 nan
3876.800000 0.969807 nan
3877.600000 0.962961 nan
3878.400000 0.958322 nan
3879.200000 0.965846 nan
3880.000000 0.968596 nan
3880.800000 0.969239 nan
3881.600000 0.972730 nan
3882.400000 0.975036 nan
3883.200000 0.969089 nan
3884.000000 0.963807 nan
3884.800000 0.964552 nan
3885.600000 0.969450 nan
3886.400000 0.967634 nan
3887.200000 0.970129 nan
3888.000000 0.966803 nan
3888.800000 0.958119 nan
3889.600000 0.956735 nan
3890.400000 0.959487 nan
3891.200000 0.965897 nan
3892.000000 0.968400 nan
3892.800000 0.965327 nan
3893.600000 0.967836 nan
3894.400000 0.963130 nan
3895.200000 0.966919 nan
3896.000000 0.970916 nan
3896.800000 0.965401 nan
3897.600000 0.971117 nan
3898.400000 0.968525 nan
3899.200000 0.966516 nan
3900.000000 0.967718 nan
3900.800000 0.967869 nan
3901.600000 0.963984 nan
3902.400000 0.959297 nan
3903.200000 0.960829 nan
3904.000000 0.966994 nan
3904.800000 0.966821 nan
3905.600000 0.972474 nan
3906.400000 0.973229 nan
3907.200000 0.972885 nan
3908.000000 0.974736 nan
3908.800000 0.968173 nan
3909.600000 0.965337 nan
3910.400000 0.971425 nan
3911.200000 0.973738 nan
3912.000000 0.958518 nan
3912.800000 0.957673 nan
3913.600000 0.963364 nan
3914.400000 0.965907 nan
3915.200000 0.964282 nan
3916.000000 0.964483 nan
3916.800000 0.957288 nan
3917.600000 0.960954 nan
3918.400000 0.967307 nan
3919.200000 0.966526 nan
3920.000000 0.962235 nan
3920.800000 0.969129 nan
3921.600000 0.972879 nan
3922.400000 0.968960 nan
3923.200000 0.960223 nan
3924.000000 0.954950 nan
3924.800000 0.957085 nan
3925.600000 0.954973 nan
3926.400000 0.950282 nan
3927.200000 0.955457 nan
3928.000000 0.954857 nan
3928.800000 0.951910 nan
3929.600000 0.954864 nan
3930.400000 0.961185 nan
3931.200000 0.953241 nan
3932.000000 0.960926 nan
3932.800000 0.963630 nan
3933.600000 0.958971 nan
3934.400000 0.953654 nan
3935.200000 0.957406 nan
3936.000000 0.948702 nan
3936.800000 0.946064 nan
3937.600000 0.951865 nan
3938.400000 0.956152 nan
3939.200000 0.958738 nan
3940.000000 0.962306 nan
3940.800000 0.966868 nan
3941.600000 0.970695 nan
3942.400000 0.972077 nan
3943.200000 0.972872 nan
3944.000000 0.971837 nan
3944.800000 0.972577 nan
3945.600000 0.972830 nan
3946.400000 0.955816 nan
3947.200000 0.957041 nan
3948.000000 0.957464 nan
3948.800000 0.958052 nan
3949.600000 0.968365 nan
3950.400000 0.973106 nan
3951.200000 0.967748 nan
3952.000000 0.960640 nan
3952.800000 0.956255 nan
3953.600000 0.954385 nan
3954.400000 0.959651 nan
3955.200000 0.960139 nan
3956.000000 0.955528 nan
3956.800000 0.949724 nan
3957.600000 0.948403 nan
3958.400000 0.950832 nan
3959.200000 0.958123 nan
3960.000000 0.965268 nan
3960.800000 0.966386 nan
3961.600000 0.965812 nan
3962.400000 0.964335 nan
3963.200000 0.962022 nan
3964.000000 0.964189 nan
3964.800000 0.975804 nan
3965.600000 0.968412 nan
3966.400000 0.961551 nan
3967.200000 0.961421 nan
3968.000000 0.964540 nan
3968.800000 0.959403 nan
3969.600000 0.960890 nan
3970.400000 0.960842 nan
3971.200000 0.961334 nan
3972.000000 0.963741 nan
3972.800000 0.956289 nan
3973.600000 0.952568 nan
3974.400000 0.952019 nan
3975.200000 0.953494 nan
3976.000000 0.954424 nan
3976.800000 0.946200 nan
3977.600000 0.951118 nan
3978.400000 0.960450 nan
3979.200000 0.962417 nan
3980.000000 0.947895 nan
3980.800000 0.945947 nan
3981.600000 0.951524 nan
3982.400000 0.955602 nan
3983.200000 0.954489 nan
3984.000000 0.954953 nan
3984.800000 0.957110 nan
3985.600000 0.955835 nan
3986.400000 0.953717 nan
3987.200000 0.955367 nan
3988.000000 0.956014 nan
3988.800000 0.953161 nan
3989.600000 0.956985 nan
3990.400000 0.964598 nan
3991.200000 0.962343 nan
3992.000000 0.957882 nan
3992.800000 0.956482 nan
3993.600000 0.956353 nan
3994.400000 0.954331 nan
3995.200000 0.948401 nan
3996.000000 0.951258 nan
3996.800000 0.953523 nan
3997.600000 0.954054 nan
3998.400000 0.954041 nan
3999.200000 0.950659 nan
4000.000000 0.951191 nan
4000.800000 0.954815 nan
4001.600000 0.954997 nan
4002.400000 0.946084 nan
4003.200000 0.950517 nan
4004.000000 0.953482 nan
4004.800000 0.955245 nan
4005.600000 0.955927 nan
4006.400000 0.951848 nan
4007.200000 0.958560 nan
4008.000000 0.950858 nan
4008.800000 0.944620 nan
4009.600000 0.955866 nan
4010.400000 0.963373 nan
4011.200000 0.965717 nan
4012.000000 0.961185 nan
4012.800000 0.956392 nan
4013.600000 0.960049 nan
4014.400000 0.964335 nan
4015.200000 0.960392 nan
4016.000000 0.954988 nan
4016.800000 0.956354 nan
4017.600000 0.969780 nan
4018.400000 0.978137 nan
4019.200000 0.974727 nan
4020.000000 0.963368 nan
4020.800000 0.953330 nan
4021.600000 0.959997 nan
4022.400000 0.970201 nan
4023.200000 0.968390 nan
4024.000000 0.962398 nan
4024.800000 0.964599 nan
4025.600000 0.962446 nan
4026.400000 0.964364 nan
4027.200000 0.965343 nan
4028.000000 0.964026 nan
4028.800000 0.962217 nan
4029.600000 0.952269 nan
4030.400000 0.958870 nan
4031.200000 0.963739 nan
4032.000000 0.956419 nan
4032.800000 0.956295 nan
4033.600000 0.959597 nan
4034.400000 0.955690 nan
4035.200000 0.950992 nan
4036.000000 0.953365 nan
4036.800000 0.954549 nan
4037.600000 0.951496 nan
4038.400000 0.950669 nan
4039.200000 0.950558 nan
4040.000000 0.946659 nan
4040.800000 0.952463 nan
4041.600000 0.959018 nan
4042.400000 0.961164 nan
4043.200000 0.958348 nan
4044.000000 0.955539 nan
4044.800000 0.957678 nan
4045.600000 0.951863 nan
4046.400000 0.947711 nan
4047.200000 0.954236 nan
4048.000000 0.957537 nan
4048.800000 0.953360 nan
4049.600000 0.951335 nan
4050.400000 0.953289 nan
4051.200000 0.955019 nan
4052.000000 0.950508 nan
4052.800000 0.948075 nan
4053.600000 0.947698 nan
4054.400000 0.950966 nan
4055.200000 0.958551 nan
4056.000000 0.944303 nan
4056.800000 0.943895 nan
4057.600000 0.945635 nan
4058.400000 0.938993 nan
4059.200000 0.939774 nan
4060.000000 0.943188 nan
4060.800000 0.944203 nan
4061.600000 0.944595 nan
4062.400000 0.947452 nan
4063.200000 0.948599 nan
4064.000000 0.946887 nan
4064.800000 0.939996 nan
4065.600000 0.937168 nan
4066.400000 0.951951 nan
4067.200000 0.956722 nan
4068.000000 0.954223 nan
4068.800000 0.956915 nan
4069.600000 0.964505 nan
4070.400000 0.953458 nan
4071.200000 0.934360 nan
4072.000000 0.921850 nan
4072.800000 0.921686 nan
4073.600000 0.931265 nan
4074.400000 0.926570 nan
4075.200000 0.921419 nan
4076.000000 0.920019 nan
4076.800000 0.918806 nan
4077.600000 0.913237 nan
4078.400000 0.919420 nan
4079.200000 0.939404 nan
4080.000000 0.948427 nan
4080.800000 0.941436 nan
4081.600000 0.936923 nan
4082.400000 0.939101 nan
4083.200000 0.947572 nan
4084.000000 0.955296 nan
4084.800000 0.956098 nan
4085.600000 0.952561 nan
4086.400000 0.948734 nan
4087.200000 0.948397 nan
4088.000000 0.947638 nan
4088.800000 0.942094 nan
4089.600000 0.943954 nan
4090.400000 0.946171 nan
4091.200000 0.946211 nan
4092.000000 0.942393 nan
4092.800000 0.934511 nan
4093.600000 0.936823 nan
4094.400000 0.937791 nan
4095.200000 0.936548 nan
4096.000000 0.935630 nan
4096.800000 0.937860 nan
4097.600000 0.935728 nan
4098.400000 0.940028 nan
4099.200000 0.947058 nan
4100.000000 0.949889 nan
4100.800000 0.951001 nan
4101.600000 0.948219 nan
4102.400000 0.946414 nan
4103.200000 0.944774 nan
4104.000000 0.940825 nan
4104.800000 0.949702 nan
4105.600000 0.957135 nan
4106.400000 0.952318 nan
4107.200000 0.940459 nan
4108.000000 0.945785 nan
4108.800000 0.948739 nan
4109.600000 0.945167 nan
4110.400000 0.941926 nan
4111.200000 0.944888 nan
4112.000000 0.948534 nan
4112.800000 0.952366 nan
4113.600000 0.955815 nan
4114.400000 0.956128 nan
4115.200000 0.950919 nan
4116.000000 0.949306 nan
4116.800000 0.960988 nan
4117.600000 0.966898 nan
4118.400000 0.961443 nan
4119.200000 0.958644 nan
4120.000000 0.959490 nan
4120.800000 0.958095 nan
4121.600000 0.956131 nan
4122.400000 0.954272 nan
4123.200000 0.947798 nan
4124.000000 0.953705 nan
4124.800000 0.955928 nan
4125.600000 0.954559 nan
4126.400000 0.955084 nan
4127.200000 0.949313 nan
4128.000000 0.948446 nan
4128.800000 0.950190 nan
4129.600000 0.951594 nan
4130.400000 0.950398 nan
4131.200000 0.945474 nan
4132.000000 0.952359 nan
4132.800000 0.953518 nan
4133.600000 0.943808 nan
4134.400000 0.950247 nan
4135.200000 0.953429 nan
4136.000000 0.953971 nan
4136.800000 0.951182 nan
4137.600000 0.947506 nan
4138.400000 0.957494 nan
4139.200000 0.953252 nan
4140.000000 0.944395 nan
4140.800000 0.939899 nan
4141.600000 0.945438 nan
4142.400000 0.951682 nan
4143.200000 0.954971 nan
4144.000000 0.955287 nan
4144.800000 0.954465 nan
4145.600000 0.955290 nan
4146.400000 0.944868 nan
4147.200000 0.945724 nan
4148.000000 0.946336 nan
4148.800000 0.936088 nan
4149.600000 0.934722 nan
4150.400000 0.938761 nan
4151.200000 0.942090 nan
4152.000000 0.944471 nan
4152.800000 0.949412 nan
4153.600000 0.957739 nan
4154.400000 0.948998 nan
4155.200000 0.947235 nan
4156.000000 0.954128 nan
4156.800000 0.944304 nan
4157.600000 0.937908 nan
4158.400000 0.939255 nan
4159.200000 0.945370 nan
4160.000000 0.951024 nan
4160.800000 0.950491 nan
4161.600000 0.948969 nan
4162.400000 0.951772 nan
4163.200000 0.958442 nan
4164.000000 0.965015 nan
4164.800000 0.964569 nan
4165.600000 0.959122 nan
4166.400000 0.954915 nan
4167.200000 0.953708 nan
4168.000000 0.953182 nan
4168.800000 0.949578 nan
4169.600000 0.951489 nan
4170.400000 0.953566 nan
4171.200000 0.952853 nan
4172.000000 0.954518 nan
4172.800000 0.952762 nan
4173.600000 0.951067 nan
4174.400000 0.954432 nan
4175.200000 0.961896 nan
4176.000000 0.955680 nan
4176.800000 0.954707 nan
4177.600000 0.957314 nan
4178.400000 0.958207 nan
4179.200000 0.953672 nan
4180.000000 0.954213 nan
4180.800000 0.961311 nan
4181.600000 0.955795 nan
4182.400000 0.940920 nan
4183.200000 0.948509 nan
4184.000000 0.952840 nan
4184.800000 0.952872 nan
4185.600000 0.955404 nan
4186.400000 0.960552 nan
4187.200000 0.951211 nan
4188.000000 0.951981 nan
4188.800000 0.955339 nan
4189.600000 0.954209 nan
4190.400000 0.946282 nan
4191.200000 0.943591 nan
4192.000000 0.945035 nan
4192.800000 0.946485 nan
4193.600000 0.946296 nan
4194.400000 0.943288 nan
4195.200000 0.919788 nan
4196.000000 0.928955 nan
4196.800000 0.946025 nan
4197.600000 0.952515 nan
4198.400000 0.947883 nan
4199.200000 0.941087 nan
4200.000000 0.938912 nan
4200.800000 0.947951 nan
4201.600000 0.965314 nan
4202.400000 0.944123 nan
4203.200000 0.934660 nan
4204.000000 0.947359 nan
4204.800000 0.968210 nan
4205.600000 0.963170 nan
4206.400000 0.933193 nan
4207.200000 0.941119 nan
4208.000000 0.951484 nan
4208.800000 0.950208 nan
4209.600000 0.969715 nan
4210.400000 0.966747 nan
4211.200000 0.951161 nan
4212.000000 0.950228 nan
4212.800000 0.967207 nan
4213.600000 0.939718 nan
4214.400000 0.940721 nan
4215.200000 0.944867 nan
4216.000000 0.943497 nan
4216.800000 0.944903 nan
4217.600000 0.952773 nan
4218.400000 0.941073 nan
4219.200000 0.938464 nan
4220.000000 0.952705 nan
4220.800000 0.958056 nan
4221.600000 0.969145 nan
4222.400000 0.957353 nan
4223.200000 0.939840 nan
4224.000000 0.937124 nan
4224.800000 0.946091 nan
4225.600000 0.949856 nan
4226.400000 0.942217 nan
4227.200000 0.941778 nan
4228.000000 0.965228 nan
4228.800000 0.967952 nan
4229.600000 0.964311 nan
4230.400000 0.960271 nan
4231.200000 0.963352 nan
4232.000000 0.974763 nan
4232.800000 0.954949 nan
4233.600000 0.936154 nan
4234.400000 0.934749 nan
4235.200000 0.944424 nan
4236.000000 0.937569 nan
4236.800000 0.933176 nan
4237.600000 0.942227 nan
4238.400000 0.953349 nan
4239.200000 0.955366 nan
4240.000000 0.958750 nan
4240.800000 0.945239 nan
4241.600000 0.942775 nan
4242.400000 0.950401 nan
4243.200000 0.946865 nan
4244.000000 0.945271 nan
4244.800000 0.945114 nan
4245.600000 0.943121 nan
4246.400000 0.938553 nan
4247.200000 0.934680 nan
4248.000000 0.944223 nan
4248.800000 0.949621 nan
4249.600000 0.948942 nan
4250.400000 0.947451 nan
4251.200000 0.956129 nan
4252.000000 0.951415 nan
4252.800000 0.939839 nan
4253.600000 0.938309 nan
4254.400000 0.958061 nan
4255.200000 0.962310 nan
4256.000000 0.943877 nan
4256.800000 0.932107 nan
4257.600000 0.939653 nan
4258.400000 0.954395 nan
4259.200000 0.944976 nan
4260.000000 0.944394 nan
4260.800000 0.948344 nan
4261.600000 0.948415 nan
4262.400000 0.950935 nan
4263.200000 0.951750 nan
4264.000000 0.951485 nan
4264.800000 0.949010 nan
4265.600000 0.942726 nan
4266.400000 0.934610 nan
4267.200000 0.934914 nan
4268.000000 0.939589 nan
4268.800000 0.941890 nan
4269.600000 0.935548 nan
4270.400000 0.925173 nan
4271.200000 0.930810 nan
4272.000000 0.937029 nan
4272.800000 0.937790 nan
4273.600000 0.951637 nan
4274.400000 0.960137 nan
4275.200000 0.948878 nan
4276.000000 0.931838 nan
4276.800000 0.927219 nan
4277.600000 0.927262 nan
4278.400000 0.927207 nan
4279.200000 0.932205 nan
4280.000000 0.938775 nan
4280.800000 0.938865 nan
4281.600000 0.935272 nan
4282.400000 0.942289 nan
4283.200000 0.941617 nan
4284.000000 0.927995 nan
4284.800000 0.920945 nan
4285.600000 0.924334 nan
4286.400000 0.915087 nan
4287.200000 0.910872 nan
4288.000000 0.926351 nan
4288.800000 0.935227 nan
4289.600000 0.931735 nan
4290.400000 0.933124 nan
4291.200000 0.934733 nan
4292.000000 0.925425 nan
4292.800000 0.926342 nan
4293.600000 0.936929 nan
4294.400000 0.927826 nan
4295.200000 0.906701 nan
4296.000000 0.917994 nan
4296.800000 0.907356 nan
4297.600000 0.910608 nan
4298.400000 0.899173 nan
4299.200000 0.867105 nan
4300.000000 0.898493 nan
4300.800000 0.912818 nan
4301.600000 0.921299 nan
4302.400000 0.930212 nan
4303.200000 0.937125 nan
4304.000000 0.933200 nan
4304.800000 0.931727 nan
4305.600000 0.933062 nan
4306.400000 0.932831 nan
4307.200000 0.927687 nan
4308.000000 0.936606 nan
4308.800000 0.935702 nan
4309.600000 0.934112 nan
4310.400000 0.940479 nan
4311.200000 0.948483 nan
4312.000000 0.938794 nan
4312.800000 0.930680 nan
4313.600000 0.929562 nan
4314.400000 0.932715 nan
4315.200000 0.932399 nan
4316.000000 0.931042 nan
4316.800000 0.930164 nan
4317.600000 0.927958 nan
4318.400000 0.923579 nan
4319.200000 0.930075 nan
4320.000000 0.930548 nan
4320.800000 0.920267 nan
4321.600000 0.909719 nan
4322.400000 0.925537 nan
4323.200000 0.925915 nan
4324.000000 0.925239 nan
4324.800000 0.928527 nan
4325.600000 0.932391 nan
4326.400000 0.924472 nan
4327.200000 0.930091 nan
4328.000000 0.936284 nan
4328.800000 0.939434 nan
4329.600000 0.939787 nan
4330.400000 0.928927 nan
4331.200000 0.934542 nan
4332.000000 0.940085 nan
4332.800000 0.937058 nan
4333.600000 0.931698 nan
4334.400000 0.937751 nan
4335.200000 0.934434 nan
4336.000000 0.932019 nan
4336.800000 0.937172 nan
4337.600000 0.935205 nan
4338.400000 0.927136 nan
4339.200000 0.930356 nan
4340.000000 0.935057 nan
4340.800000 0.929789 nan
4341.600000 0.936942 nan
4342.400000 0.944928 nan
4343.200000 0.937402 nan
4344.000000 0.926771 nan
4344.800000 0.939258 nan
4345.600000 0.930938 nan
4346.400000 0.921862 nan
4347.200000 0.919723 nan
4348.000000 0.923591 nan
4348.800000 0.924049 nan
4349.600000 0.922687 nan
4350.400000 0.921390 nan
4351.200000 0.914094 nan
4352.000000 0.905474 nan
4352.800000 0.931750 nan
4353.600000 0.922968 nan
4354.400000 0.922552 nan
4355.200000 0.934224 nan
4356.000000 0.937775 nan
4356.800000 0.945405 nan
4357.600000 0.934640 nan
4358.400000 0.930743 nan
4359.200000 0.939524 nan
4360.000000 0.937955 nan
4360.800000 0.937233 nan
4361.600000 0.933886 nan
4362.400000 0.934726 nan
4363.200000 0.941880 nan
4364.000000 0.940105 nan
4364.800000 0.937345 nan
4365.600000 0.940580 nan
4366.400000 0.945740 nan
4367.200000 0.945752 nan
4368.000000 0.945341 nan
4368.800000 0.945241 nan
4369.600000 0.944583 nan
4370.400000 0.939582 nan
4371.200000 0.926522 nan
4372.000000 0.941960 nan
4372.800000 0.940856 nan
4373.600000 0.935724 nan
4374.400000 0.936692 nan
4375.200000 0.935340 nan
4376.000000 0.955083 nan
4376.800000 0.950565 nan
4377.600000 0.939614 nan
4378.400000 0.950078 nan
4379.200000 0.949876 nan
4380.000000 0.950542 nan
4380.800000 0.956024 nan
4381.600000 0.960956 nan
4382.400000 0.957903 nan
4383.200000 0.964488 nan
4384.000000 0.950340 nan
4384.800000 0.927521 nan
4385.600000 0.920913 nan
4386.400000 0.953650 nan
4387.200000 0.962368 nan
4388.000000 0.951111 nan
4388.800000 0.949734 nan
4389.600000 0.971658 nan
4390.400000 0.970574 nan
4391.200000 0.945231 nan
4392.000000 0.941776 nan
4392.800000 0.952121 nan
4393.600000 0.946858 nan
4394.400000 0.953867 nan
4395.200000 0.949139 nan
4396.000000 0.950272 nan
4396.800000 0.955324 nan
4397.600000 0.942768 nan
4398.400000 0.960612 nan
4399.200000 0.952486 nan
4400.000000 0.934145 nan
4400.800000 0.929957 nan
4401.600000 0.937841 nan
4402.400000 0.952155 nan
4403.200000 0.948298 nan
4404.000000 0.938681 nan
4404.800000 0.943490 nan
4405.600000 0.948324 nan
4406.400000 0.949546 nan
4407.200000 0.946653 nan
4408.000000 0.939154 nan
4408.800000 0.932278 nan
4409.600000 0.948914 nan
4410.400000 0.948891 nan
4411.200000 0.946926 nan
4412.000000 0.949957 nan
4412.800000 0.938687 nan
4413.600000 0.955011 nan
4414.400000 0.952722 nan
4415.200000 0.936739 nan
4416.000000 0.928457 nan
4416.800000 0.943323 nan
4417.600000 0.941192 nan
4418.400000 0.951882 nan
4419.200000 0.962694 nan
4420.000000 0.941762 nan
4420.800000 0.942851 nan
4421.600000 0.930801 nan
4422.400000 0.936420 nan
4423.200000 0.953484 nan
4424.000000 0.924136 nan
4424.800000 0.942123 nan
4425.600000 0.940898 nan
4426.400000 0.931683 nan
4427.200000 0.934586 nan
4428.000000 0.930702 nan
4428.800000 0.934470 nan
4429.600000 0.924664 nan
4430.400000 0.919260 nan
4431.200000 0.941652 nan
4432.000000 0.944343 nan
4432.800000 0.959202 nan
4433.600000 0.959980 nan
4434.400000 0.945458 nan
4435.200000 0.943760 nan
4436.000000 0.935753 nan
4436.800000 0.942521 nan
4437.600000 0.940713 nan
4438.400000 0.926016 nan
4439.200000 0.944945 nan
4440.000000 0.947614 nan
4440.800000 0.947885 nan
4441.600000 0.948096 nan
4442.400000 0.948950 nan
4443.200000 0.966381 nan
4444.000000 0.941678 nan
4444.800000 0.920928 nan
4445.600000 0.925157 nan
4446.400000 0.942556 nan
4447.200000 0.932308 nan
4448.000000 0.941104 nan
4448.800000 0.952560 nan
4449.600000 0.948423 nan
4450.400000 0.931931 nan
4451.200000 0.950278 nan
4452.000000 0.942099 nan
4452.800000 0.929340 nan
4453.600000 0.939039 nan
4454.400000 0.929941 nan
4455.200000 0.928709 nan
4456.000000 0.932173 nan
4456.800000 0.938548 nan
4457.600000 0.945590 nan
4458.400000 0.935659 nan
4459.200000 0.936213 nan
4460.000000 0.934544 nan
4460.800000 0.928381 nan
4461.600000 0.933686 nan
4462.400000 0.935982 nan
4463.200000 0.929558 nan
4464.000000 0.921538 nan
4464.800000 0.928251 nan
4465.600000 0.964355 nan
4466.400000 0.960956 nan
4467.200000 0.950667 nan
4468.000000 0.942545 nan
4468.800000 0.935645 nan
4469.600000 0.953590 nan
4470.400000 0.940034 nan
4471.200000 0.929980 nan
4472.000000 0.934010 nan
4472.800000 0.928641 nan
4473.600000 0.942777 nan
4474.400000 0.941660 nan
4475.200000 0.935200 nan
4476.000000 0.939321 nan
4476.800000 0.954041 nan
4477.600000 0.956350 nan
4478.400000 0.949329 nan
4479.200000 0.943698 nan
4480.000000 0.943044 nan
4480.800000 0.927938 nan
4481.600000 0.938036 nan
4482.400000 0.939529 nan
4483.200000 0.927494 nan
4484.000000 0.922860 nan
4484.800000 0.936157 nan
4485.600000 0.948894 nan
4486.400000 0.952274 nan
4487.200000 0.945868 nan
4488.000000 0.941995 nan
4488.800000 0.928858 nan
4489.600000 0.943036 nan
4490.400000 0.956040 nan
4491.200000 0.944516 nan
4492.000000 0.940111 nan
4492.800000 0.940844 nan
4493.600000 0.939328 nan
4494.400000 0.939226 nan
4495.200000 0.944938 nan
4496.000000 0.935206 nan
4496.800000 0.931779 nan
4497.600000 0.931780 nan
4498.400000 0.932673 nan
4499.200000 0.935892 nan
4500.000000 0.932369 nan
4500.800000 0.927997 nan
4501.600000 0.923127 nan
4502.400000 0.920763 nan
4503.200000 0.932079 nan
4504.000000 0.941212 nan
4504.800000 0.929128 nan
4505.600000 0.919867 nan
4506.400000 0.935858 nan
4507.200000 0.919870 nan
4508.000000 0.924227 nan
4508.800000 0.934143 nan
4509.600000 0.937552 nan
4510.400000 0.936987 nan
4511.200000 0.946189 nan
4512.000000 0.956275 nan
4512.800000 0.949362 nan
4513.600000 0.933512 nan
4514.400000 0.953422 nan
4515.200000 0.956049 nan
4516.000000 0.947027 nan
4516.800000 0.931770 nan
4517.600000 0.919657 nan
4518.400000 0.935044 nan
4519.200000 0.938188 nan
4520.000000 0.941992 nan
4520.800000 0.947140 nan
4521.600000 0.944671 nan
4522.400000 0.943326 nan
4523.200000 0.942713 nan
4524.000000 0.939355 nan
4524.800000 0.938549 nan
4525.600000 0.955551 nan
4526.400000 0.953401 nan
4527.200000 0.950035 nan
4528.000000 0.949396 nan
4528.800000 0.947063 nan
4529.600000 0.933796 nan
4530.400000 0.938909 nan
4531.200000 0.944320 nan
4532.000000 0.942333 nan
4532.800000 0.935241 nan
4533.600000 0.938555 nan
4534.400000 0.932691 nan
4535.200000 0.933079 nan
4536.000000 0.936637 nan
4536.800000 0.926820 nan
4537.600000 0.956364 nan
4538.400000 0.956871 nan
4539.200000 0.944722 nan
4540.000000 0.947359 nan
4540.800000 0.956794 nan
4541.600000 0.960185 nan
4542.400000 0.938331 nan
4543.200000 0.920937 nan
4544.000000 0.946542 nan
4544.800000 0.947746 nan
4545.600000 0.947791 nan
4546.400000 0.943478 nan
4547.200000 0.937006 nan
4548.000000 0.938583 nan
4548.800000 0.950757 nan
4549.600000 0.945595 nan
4550.400000 0.942702 nan
4551.200000 0.949034 nan
4552.000000 0.943666 nan
4552.800000 0.953955 nan
4553.600000 0.947862 nan
4554.400000 0.937027 nan
4555.200000 0.939648 nan
4556.000000 0.943125 nan
4556.800000 0.942234 nan
4557.600000 0.940611 nan
4558.400000 0.949746 nan
4559.200000 0.974482 nan
4560.000000 0.955150 nan
4560.800000 0.933793 nan
4561.600000 0.934814 nan
4562.400000 0.949914 nan
4563.200000 0.939242 nan
4564.000000 0.935810 nan
4564.800000 0.944218 nan
4565.600000 0.943568 nan
4566.400000 0.928226 nan
4567.200000 0.937628 nan
4568.000000 0.941386 nan
4568.800000 0.940173 nan
4569.600000 0.941026 nan
4570.400000 0.947157 nan
4571.200000 0.941074 nan
4572.000000 0.927344 nan
4572.800000 0.921620 nan
4573.600000 0.927381 nan
4574.400000 0.933499 nan
4575.200000 0.937801 nan
4576.000000 0.939933 nan
4576.800000 0.938787 nan
4577.600000 0.935022 nan
4578.400000 0.933694 nan
4579.200000 0.947052 nan
4580.000000 0.948074 nan
4580.800000 0.939567 nan
4581.600000 0.934603 nan
4582.400000 0.937086 nan
4583.200000 0.931358 nan
4584.000000 0.930499 nan
4584.800000 0.936055 nan
4585.600000 0.941387 nan
4586.400000 0.949231 nan
4587.200000 0.944506 nan
4588.000000 0.941715 nan
4588.800000 0.944265 nan
4589.600000 0.935846 nan
4590.400000 0.941214 nan
4591.200000 0.930886 nan
4592.000000 0.922371 nan
4592.800000 0.932534 nan
4593.600000 0.939968 nan
4594.400000 0.938571 nan
4595.200000 0.939124 nan
4596.000000 0.944310 nan
4596.800000 0.947233 nan
4597.600000 0.931995 nan
4598.400000 0.935539 nan
4599.200000 0.937626 nan
4600.000000 0.931058 nan
4600.800000 0.931466 nan
4601.600000 0.931988 nan
4602.400000 0.929301 nan
4603.200000 0.927108 nan
4604.000000 0.928255 nan
4604.800000 0.926844 nan
4605.600000 0.940309 nan
4606.400000 0.947386 nan
4607.200000 0.943470 nan
4608.000000 0.934150 nan
4608.800000 0.936084 nan
4609.600000 0.932031 nan
4610.400000 0.929581 nan
4611.200000 0.937076 nan
4612.000000 0.956652 nan
4612.800000 0.955782 nan
4613.600000 0.952640 nan
4614.400000 0.944364 nan
4615.200000 0.936285 nan
4616.000000 0.950437 nan
4616.800000 0.943109 nan
4617.600000 0.946790 nan
4618.400000 0.955316 nan
4619.200000 0.948007 nan
4620.000000 0.921739 nan
4620.800000 0.942914 nan
4621.600000 0.946464 nan
4622.400000 0.939355 nan
4623.200000 0.962381 nan
4624.000000 0.930526 nan
4624.800000 0.923389 nan
4625.600000 0.938849 nan
4626.400000 0.952205 nan
4627.200000 0.942880 nan
4628.000000 0.946399 nan
4628.800000 0.939528 nan
4629.600000 0.934822 nan
4630.400000 0.945602 nan
4631.200000 0.951623 nan
4632.000000 0.939971 nan
4632.800000 0.943613 nan
4633.600000 0.953367 nan
4634.400000 0.941142 nan
4635.200000 0.929624 nan
4636.000000 0.945942 nan
4636.800000 0.963306 nan
4637.600000 0.959524 nan
4638.400000 0.933291 nan
4639.200000 0.944210 nan
4640.000000 0.958581 nan
4640.800000 0.946536 nan
4641.600000 0.913170 nan
4642.400000 0.934987 nan
4643.200000 0.934036 nan
4644.000000 0.934379 nan
4644.800000 0.946099 nan
4645.600000 0.964080 nan
4646.400000 0.958848 nan
4647.200000 0.946324 nan
4648.000000 0.943741 nan
4648.800000 0.946883 nan
4649.600000 0.937271 nan
4650.400000 0.935161 nan
4651.200000 0.934425 nan
4652.000000 0.933445 nan
4652.800000 0.932976 nan
4653.600000 0.933862 nan
4654.400000 0.927371 nan
4655.200000 0.936242 nan
4656.000000 0.946775 nan
4656.800000 0.941840 nan
4657.600000 0.929702 nan
4658.400000 0.924973 nan
4659.200000 0.925080 nan
4660.000000 0.930725 nan
4660.800000 0.941282 nan
4661.600000 0.932136 nan
4662.400000 0.937212 nan
4663.200000 0.938371 nan
4664.000000 0.928744 nan
4664.800000 0.927734 nan
4665.600000 0.943328 nan
4666.400000 0.921060 nan
4667.200000 0.918110 nan
4668.000000 0.963164 nan
4668.800000 0.931157 nan
4669.600000 0.922923 nan
4670.400000 0.921160 nan
4671.200000 0.916545 nan
4672.000000 0.914757 nan
4672.800000 0.937739 nan
4673.600000 0.932659 nan
4674.400000 0.939994 nan
4675.200000 0.955051 nan
4676.000000 0.928158 nan
4676.800000 0.930588 nan
4677.600000 0.923049 nan
4678.400000 0.924841 nan
4679.200000 0.943096 nan
4680.000000 0.937573 nan
4680.800000 0.937727 nan
4681.600000 0.937175 nan
4682.400000 0.928164 nan
4683.200000 0.911155 nan
4684.000000 0.907583 nan
4684.800000 0.935718 nan
4685.600000 0.936154 nan
4686.400000 0.919186 nan
4687.200000 0.935777 nan
4688.000000 0.927280 nan
4688.800000 0.923501 nan
4689.600000 0.939024 nan
4690.400000 0.954663 nan
4691.200000 0.920770 nan
4692.000000 0.928258 nan
4692.800000 0.948400 nan
4693.600000 0.957084 nan
4694.400000 0.945019 nan
4695.200000 0.934392 nan
4696.000000 0.938570 nan
4696.800000 0.943012 nan
4697.600000 0.941454 nan
4698.400000 0.933437 nan
4699.200000 0.923648 nan
4700.000000 0.932435 nan
4700.800000 0.945249 nan
4701.600000 0.946457 nan
4702.400000 0.929403 nan
4703.200000 0.925611 nan
4704.000000 0.920985 nan
4704.800000 0.918102 nan
4705.600000 0.915563 nan
4706.400000 0.894869 nan
4707.200000 0.928418 nan
4708.000000 0.938781 nan
4708.800000 0.928234 nan
4709.600000 0.931520 nan
4710.400000 0.944021 nan
4711.200000 0.946696 nan
4712.000000 0.942742 nan
4712.800000 0.932274 nan
4713.600000 0.914822 nan
4714.400000 0.920259 nan
4715.200000 0.944505 nan
4716.000000 0.952373 nan
4716.800000 0.931199 nan
4717.600000 0.921597 nan
4718.400000 0.927108 nan
4719.200000 0.924889 nan
4720.000000 0.921622 nan
4720.800000 0.928146 nan
4721.600000 0.926724 nan
4722.400000 0.925775 nan
4723.200000 0.940365 nan
4724.000000 0.951498 nan
4724.800000 0.923958 nan
4725.600000 0.926053 nan
4726.400000 0.936961 nan
4727.200000 0.935337 nan
4728.000000 0.922131 nan
4728.800000 0.921966 nan
4729.600000 0.922469 nan
4730.400000 0.929633 nan
4731.200000 0.928537 nan
4732.000000 0.914747 nan
4732.800000 0.924321 nan
4733.600000 0.926840 nan
4734.400000 0.916739 nan
4735.200000 0.911976 nan
4736.000000 0.932282 nan
4736.800000 0.933373 nan
4737.600000 0.924159 nan
4738.400000 0.929325 nan
4739.200000 0.941188 nan
4740.000000 0.926603 nan
4740.800000 0.932204 nan
4741.600000 0.928117 nan
4742.400000 0.918980 nan
4743.200000 0.915896 nan
4744.000000 0.924339 nan
4744.800000 0.922076 nan
4745.600000 0.939121 nan
4746.400000 0.952409 nan
4747.200000 0.929645 nan
4748.000000 0.915346 nan
4748.800000 0.934744 nan
4749.600000 0.937421 nan
4750.400000 0.934899 nan
4751.200000 0.972479 nan
4752.000000 0.926685 nan
4752.800000 0.916336 nan
4753.600000 0.931936 nan
4754.400000 0.948389 nan
4755.200000 0.965381 nan
4756.000000 0.944000 nan
4756.800000 0.941415 nan
4757.600000 0.940586 nan
4758.400000 0.920758 nan
4759.200000 0.951362 nan
4760.000000 0.948820 nan
4760.800000 0.935035 nan
4761.600000 0.932413 nan
4762.400000 0.943155 nan
4763.200000 0.918000 nan
4764.000000 0.911702 nan
4764.800000 0.922769 nan
4765.600000 0.929503 nan
4766.400000 0.916927 nan
4767.200000 0.931684 nan
4768.000000 0.925102 nan
4768.800000 0.929180 nan
4769.600000 0.962402 nan
4770.400000 0.946244 nan
4771.200000 0.930347 nan
4772.000000 0.931887 nan
4772.800000 0.931561 nan
4773.600000 0.910906 nan
4774.400000 0.928422 nan
4775.200000 0.929882 nan
4776.000000 0.924123 nan
4776.800000 0.923806 nan
4777.600000 0.934039 nan
4778.400000 0.931574 nan
4779.200000 0.919580 nan
4780.000000 0.917775 nan
4780.800000 0.932110 nan
4781.600000 0.933838 nan
4782.400000 0.928303 nan
4783.200000 0.934232 nan
4784.000000 0.939080 nan
4784.800000 0.928905 nan
4785.600000 0.929618 nan
4786.400000 0.917656 nan
4787.200000 0.915442 nan
4788.000000 0.927058 nan
4788.800000 0.938690 nan
4789.600000 0.934697 nan
4790.400000 0.950039 nan
4791.200000 0.952646 nan
4792.000000 0.933606 nan
4792.800000 0.939038 nan
4793.600000 0.926473 nan
4794.400000 0.936490 nan
4795.200000 0.949848 nan
4796.000000 0.943968 nan
4796.800000 0.936326 nan
4797.600000 0.939864 nan
4798.400000 0.942911 nan
4799.200000 0.936447 nan
4800.000000 0.922880 nan
4800.800000 0.945956 nan
4801.600000 0.956838 nan
4802.400000 0.944717 nan
4803.200000 0.922790 nan
4804.000000 0.927823 nan
4804.800000 0.919356 nan
4805.600000 0.935722 nan
4806.400000 0.947183 nan
4807.200000 0.930886 nan
4808.000000 0.919727 nan
4808.800000 0.927262 nan
4809.600000 0.938254 nan
4810.400000 0.934181 nan
4811.200000 0.908094 nan
4812.000000 0.906998 nan
4812.800000 0.922214 nan
4813.600000 0.928335 nan
4814.400000 0.926977 nan
4815.200000 0.938142 nan
4816.000000 0.945437 nan
4816.800000 0.946919 nan
4817.600000 0.939263 nan
4818.400000 0.928879 nan
4819.200000 0.933826 nan
4820.000000 0.950103 nan
4820.800000 0.932638 nan
4821.600000 0.908496 nan
4822.400000 0.916421 nan
4823.200000 0.929937 nan
4824.000000 0.917710 nan
4824.800000 0.917925 nan
4825.600000 0.936773 nan
4826.400000 0.948145 nan
4827.200000 0.922634 nan
4828.000000 0.927694 nan
4828.800000 0.940277 nan
4829.600000 0.935375 nan
4830.400000 0.916473 nan
4831.200000 0.918156 nan
4832.000000 0.928832 nan
4832.800000 0.927278 nan
4833.600000 0.914609 nan
4834.400000 0.945583 nan
4835.200000 0.943245 nan
4836.000000 0.931391 nan
4836.800000 0.924377 nan
4837.600000 0.923831 nan
4838.400000 0.909230 nan
4839.200000 0.920711 nan
4840.000000 0.932746 nan
4840.800000 0.936472 nan
4841.600000 0.947819 nan
4842.400000 0.937126 nan
4843.200000 0.937090 nan
4844.000000 0.935807 nan
4844.800000 0.926941 nan
4845.600000 0.939763 nan
4846.400000 0.941220 nan
4847.200000 0.941571 nan
4848.000000 0.937182 nan
4848.800000 0.928107 nan
4849.600000 0.953213 nan
4850.400000 0.935363 nan
4851.200000 0.923870 nan
4852.000000 0.929385 nan
4852.800000 0.926132 nan
4853.600000 0.953063 nan
4854.400000 0.936898 nan
4855.200000 0.913949 nan
4856.000000 0.920943 nan
4856.800000 0.945847 nan
4857.600000 0.922559 nan
4858.400000 0.909860 nan
4859.200000 0.920630 nan
4860.000000 0.937358 nan
4860.800000 0.916621 nan
4861.600000 0.948053 nan
4862.400000 0.963627 nan
4863.200000 0.950702 nan
4864.000000 0.936316 nan
4864.800000 0.910330 nan
4865.600000 0.916744 nan
4866.400000 0.926957 nan
4867.200000 0.926603 nan
4868.000000 0.936168 nan
4868.800000 0.924278 nan
4869.600000 0.924635 nan
4870.400000 0.928044 nan
4871.200000 0.923084 nan
4872.000000 0.926183 nan
4872.800000 0.924636 nan
4873.600000 0.931639 nan
4874.400000 0.940274 nan
4875.200000 0.937857 nan
4876.000000 0.944650 nan
4876.800000 0.934865 nan
4877.600000 0.922180 nan
4878.400000 0.922883 nan
4879.200000 0.938676 nan
4880.000000 0.933751 nan
4880.800000 0.930617 nan
4881.600000 0.926813 nan
4882.400000 0.922621 nan
4883.200000 0.936540 nan
4884.000000 0.935787 nan
4884.800000 0.929209 nan
4885.600000 0.924553 nan
4886.400000 0.924761 nan
4887.200000 0.923796 nan
4888.000000 0.929505 nan
4888.800000 0.932216 nan
4889.600000 0.933311 nan
4890.400000 0.939577 nan
4891.200000 0.929799 nan
4892.000000 0.921149 nan
4892.800000 0.923224 nan
4893.600000 0.931602 nan
4894.400000 0.926035 nan
4895.200000 0.929438 nan
4896.000000 0.930337 nan
4896.800000 0.929852 nan
4897.600000 0.930530 nan
4898.400000 0.924256 nan
4899.200000 0.916355 nan
4900.000000 0.928318 nan
4900.800000 0.939692 nan
4901.600000 0.917032 nan
4902.400000 0.931442 nan
4903.200000 0.946386 nan
4904.000000 0.940816 nan
4904.800000 0.920262 nan
4905.600000 0.917707 nan
4906.400000 0.912413 nan
4907.200000 0.921163 nan
4908.000000 0.924123 nan
4908.800000 0.913554 nan
4909.600000 0.930100 nan
4910.400000 0.938263 nan
4911.200000 0.930857 nan
4912.000000 0.920894 nan
4912.800000 0.922446 nan
4913.600000 0.919692 nan
4914.400000 0.927508 nan
4915.200000 0.930750 nan
4916.000000 0.926867 nan
4916.800000 0.926187 nan
4917.600000 0.921080 nan
4918.400000 0.916731 nan
4919.200000 0.913298 nan
4920.000000 0.912523 nan
4920.800000 0.921526 nan
4921.600000 0.924199 nan
4922.400000 0.921991 nan
4923.200000 0.919265 nan
4924.000000 0.917648 nan
4924.800000 0.907909 nan
4925.600000 0.915025 nan
4926.400000 0.918198 nan
4927.200000 0.913839 nan
4928.000000 0.915635 nan
4928.800000 0.933867 nan
4929.600000 0.942588 nan
4930.400000 0.939024 nan
4931.200000 0.926681 nan
4932.000000 0.912649 nan
4932.800000 0.922656 nan
4933.600000 0.927282 nan
4934.400000 0.929696 nan
4935.200000 0.937666 nan
4936.000000 0.938482 nan
4936.800000 0.934321 nan
4937.600000 0.934720 nan
4938.400000 0.928703 nan
4939.200000 0.908637 nan
4940.000000 0.935735 nan
4940.800000 0.933658 nan
4941.600000 0.925679 nan
4942.400000 0.925399 nan
4943.200000 0.918671 nan
4944.000000 0.921379 nan
4944.800000 0.920341 nan
4945.600000 0.920960 nan
4946.400000 0.924003 nan
4947.200000 0.911639 nan
4948.000000 0.911395 nan
4948.800000 0.916606 nan
4949.600000 0.921335 nan
4950.400000 0.922307 nan
4951.200000 0.918696 nan
4952.000000 0.917631 nan
4952.800000 0.918288 nan
4953.600000 0.922323 nan
4954.400000 0.930161 nan
4955.200000 0.915912 nan
4956.000000 0.921833 nan
4956.800000 0.930951 nan
4957.600000 0.928799 nan
4958.400000 0.926734 nan
4959.200000 0.921418 nan
4960.000000 0.923841 nan
4960.800000 0.923747 nan
4961.600000 0.913996 nan
4962.400000 0.922443 nan
4963.200000 0.916728 nan
4964.000000 0.909868 nan
4964.800000 0.911499 nan
4965.600000 0.920259 nan
4966.400000 0.905308 nan
4967.200000 0.918997 nan
4968.000000 0.926730 nan
4968.800000 0.918073 nan
4969.600000 0.927349 nan
4970.400000 0.921701 nan
4971.200000 0.911968 nan
4972.000000 0.909511 nan
4972.800000 0.915673 nan
4973.600000 0.913204 nan
4974.400000 0.912373 nan
4975.200000 0.912776 nan
4976.000000 0.912511 nan
4976.800000 0.910259 nan
4977.600000 0.908156 nan
4978.400000 0.912430 nan
4979.200000 0.912017 nan
4980.000000 0.907901 nan
4980.800000 0.912991 nan
4981.600000 0.914139 nan
4982.400000 0.910553 nan
4983.200000 0.906342 nan
4984.000000 0.903738 nan
4984.800000 0.901320 nan
4985.600000 0.915695 nan
4986.400000 0.912421 nan
4987.200000 0.904859 nan
4988.000000 0.914126 nan
4988.800000 0.910046 nan
4989.600000 0.910649 nan
4990.400000 0.907632 nan
4991.200000 0.902673 nan
4992.000000 0.906249 nan
4992.800000 0.906098 nan
4993.600000 0.911610 nan
4994.400000 0.914380 nan
4995.200000 0.912540 nan
4996.000000 0.917979 nan
4996.800000 0.913389 nan
4997.600000 0.907562 nan
4998.400000 0.904454 nan
4999.200000 0.905633 nan
5000.000000 0.911447 nan
5000.800000 0.918054 nan
5001.600000 0.911974 nan
5002.400000 0.899027 nan
5003.200000 0.895236 nan
5004.000000 0.898984 nan
5004.800000 0.903031 nan
5005.600000 0.904778 nan
5006.400000 0.903629 nan
5007.200000 0.900346 nan
5008.000000 0.898569 nan
5008.800000 0.901946 nan
5009.600000 0.906400 nan
5010.400000 0.907685 nan
5011.200000 0.905892 nan
5012.000000 0.906080 nan
5012.800000 0.900852 nan
5013.600000 0.900478 nan
5014.400000 0.915507 nan
5015.200000 0.910342 nan
5016.000000 0.910086 nan
5016.800000 0.914063 nan
5017.600000 0.917657 nan
5018.400000 0.916227 nan
5019.200000 0.909192 nan
5020.000000 0.909977 nan
5020.800000 0.915200 nan
5021.600000 0.917686 nan
5022.400000 0.911983 nan
5023.200000 0.911956 nan
5024.000000 0.906825 nan
5024.800000 0.903573 nan
5025.600000 0.909520 nan
5026.400000 0.905238 nan
5027.200000 0.903810 nan
5028.000000 0.907509 nan
5028.800000 0.909417 nan
5029.600000 0.901574 nan
5030.400000 0.906989 nan
5031.200000 0.905808 nan
5032.000000 0.903600 nan
5032.800000 0.904829 nan
5033.600000 0.904789 nan
5034.400000 0.907750 nan
5035.200000 0.904781 nan
5036.000000 0.897091 nan
5036.800000 0.890057 nan
5037.600000 0.890174 nan
5038.400000 0.893643 nan
5039.200000 0.900028 nan
5040.000000 0.905175 nan
5040.800000 0.904098 nan
5041.600000 0.903392 nan
5042.400000 0.904459 nan
5043.200000 0.905503 nan
5044.000000 0.904525 nan
5044.800000 0.900748 nan
5045.600000 0.901761 nan
5046.400000 0.899817 nan
5047.200000 0.893473 nan
5048.000000 0.887468 nan
5048.800000 0.893681 nan
5049.600000 0.893065 nan
5050.400000 0.890632 nan
5051.200000 0.891487 nan
5052.000000 0.896702 nan
5052.800000 0.894867 nan
5053.600000 0.890689 nan
5054.400000 0.889935 nan
5055.200000 0.889994 nan
5056.000000 0.883504 nan
5056.800000 0.884332 nan
5057.600000 0.882970 nan
5058.400000 0.882389 nan
5059.200000 0.885864 nan
5060.000000 0.891466 nan
5060.800000 0.894963 nan
5061.600000 0.894008 nan
5062.400000 0.890479 nan
5063.200000 0.888939 nan
5064.000000 0.897185 nan
5064.800000 0.901058 nan
5065.600000 0.899449 nan
5066.400000 0.898219 nan
5067.200000 0.904911 nan
5068.000000 0.910229 nan
5068.800000 0.903193 nan
5069.600000 0.894875 nan
5070.400000 0.890363 nan
5071.200000 0.882358 nan
5072.000000 0.873514 nan
5072.800000 0.873772 nan
5073.600000 0.873479 nan
5074.400000 0.864833 nan
5075.200000 0.860820 nan
5076.000000 0.860947 nan
5076.800000 0.860962 nan
5077.600000 0.857033 nan
5078.400000 0.847270 nan
5079.200000 0.840217 nan
5080.000000 0.834953 nan
5080.800000 0.832982 nan
5081.600000 0.827808 nan
5082.400000 0.808346 nan
5083.200000 0.812264 nan
5084.000000 0.811642 nan
5084.800000 0.805583 nan
5085.600000 0.796887 nan
5086.400000 0.781685 nan
5087.200000 0.763269 nan
5088.000000 0.751446 nan
5088.800000 0.748355 nan
5089.600000 0.751495 nan
5090.400000 0.753273 nan
5091.200000 0.746363 nan
5092.000000 0.726870 nan
5092.800000 0.700510 nan
5093.600000 0.682683 nan
5094.400000 0.674327 nan
5095.200000 0.631258 nan
5096.000000 0.570548 nan
5096.800000 0.536848 nan
5097.600000 0.581284 nan
5098.400000 0.693066 nan
5099.200000 0.762952 nan
5100.000000 0.790106 nan
5100.800000 0.791971 nan
5101.600000 0.800372 nan
5102.400000 0.813646 nan
5103.200000 0.830238 nan
5104.000000 0.844661 nan
5104.800000 0.851009 nan
5105.600000 0.861821 nan
5106.400000 0.865537 nan
5107.200000 0.867166 nan
5108.000000 0.870476 nan
5108.800000 0.874220 nan
5109.600000 0.876511 nan
5110.400000 0.880797 nan
5111.200000 0.884232 nan
5112.000000 0.885124 nan
5112.800000 0.888948 nan
5113.600000 0.886694 nan
5114.400000 0.885806 nan
5115.200000 0.888191 nan
5116.000000 0.891111 nan
5116.800000 0.888657 nan
5117.600000 0.890942 nan
5118.400000 0.895604 nan
5119.200000 0.899756 nan
5120.000000 0.902050 nan
5120.800000 0.903924 nan
5121.600000 0.903089 nan
5122.400000 0.903759 nan
5123.200000 0.908147 nan
5124.000000 0.911062 nan
5124.800000 0.909310 nan
5125.600000 0.908700 nan
5126.400000 0.909149 nan
5127.200000 0.909622 nan
5128.000000 0.914875 nan
5128.800000 0.916174 nan
5129.600000 0.914289 nan
5130.400000 0.913675 nan
5131.200000 0.918253 nan
5132.000000 0.914901 nan
5132.800000 0.920911 nan
5133.600000 0.925222 nan
5134.400000 0.921874 nan
5135.200000 0.921361 nan
5136.000000 0.920823 nan
5136.800000 0.922096 nan
5137.600000 0.924548 nan
5138.400000 0.926142 nan
5139.200000 0.924131 nan
5140.000000 0.924800 nan
5140.800000 0.925518 nan
5141.600000 0.925070 nan
5142.400000 0.924093 nan
5143.200000 0.925007 nan
5144.000000 0.926606 nan
5144.800000 0.926998 nan
5145.600000 0.926858 nan
5146.400000 0.929229 nan
5147.200000 0.928701 nan
5148.000000 0.929348 nan
5148.800000 0.930243 nan
5149.600000 0.929648 nan
5150.400000 0.927884 nan
5151.200000 0.926068 nan
5152.000000 0.923276 nan
5152.800000 0.921259 nan
5153.600000 0.921998 nan
5154.400000 0.921618 nan
5155.200000 0.917702 nan
5156.000000 0.915175 nan
5156.800000 0.915799 nan
5157.600000 0.917482 nan
5158.400000 0.916886 nan
5159.200000 0.916689 nan
5160.000000 0.917251 nan
5160.800000 0.918132 nan
5161.600000 0.918216 nan
5162.400000 0.914432 nan
5163.200000 0.915075 nan
5164.000000 0.917545 nan
5164.800000 0.917349 nan
5165.600000 0.918914 nan
5166.400000 0.918778 nan
5167.200000 0.916076 nan
5168.000000 0.913646 nan
5168.800000 0.915959 nan
5169.600000 0.919043 nan
5170.400000 0.918135 nan
5171.200000 0.917417 nan
5172.000000 0.918297 nan
5172.800000 0.916759 nan
5173.600000 0.917053 nan
5174.400000 0.917516 nan
5175.200000 0.915730 nan
5176.000000 0.911743 nan
5176.800000 0.912279 nan
5177.600000 0.912947 nan
5178.400000 0.915159 nan
5179.200000 0.916305 nan
5180.000000 0.912921 nan
5180.800000 0.912479 nan
5181.600000 0.910916 nan
5182.400000 0.910616 nan
5183.200000 0.911205 nan
5184.000000 0.908848 nan
5184.800000 0.909002 nan
5185.600000 0.910541 nan
5186.400000 0.911566 nan
5187.200000 0.911703 nan
5188.000000 0.913408 nan
5188.800000 0.912253 nan
5189.600000 0.915139 nan
5190.400000 0.918301 nan
5191.200000 0.915016 nan
5192.000000 0.910567 nan
5192.800000 0.910260 nan
5193.600000 0.912152 nan
5194.400000 0.913673 nan
5195.200000 0.913374 nan
5196.000000 0.916741 nan
5196.800000 0.919189 nan
5197.600000 0.920362 nan
5198.400000 0.921273 nan
5199.200000 0.923431 nan
5200.000000 0.927145 nan
5200.800000 0.926244 nan
5201.600000 0.923950 nan
5202.400000 0.924500 nan
5203.200000 0.923644 nan
5204.000000 0.924038 nan
5204.800000 0.924212 nan
5205.600000 0.923902 nan
5206.400000 0.924710 nan
5207.200000 0.930440 nan
5208.000000 0.930827 nan
5208.800000 0.931657 nan
5209.600000 0.934662 nan
5210.400000 0.933455 nan
5211.200000 0.935064 nan
5212.000000 0.936647 nan
5212.800000 0.936977 nan
5213.600000 0.937483 nan
5214.400000 0.943546 nan
5215.200000 0.946469 nan
5216.000000 0.948445 nan
5216.800000 0.951917 nan
5217.600000 0.957106 nan
5218.400000 0.956554 nan
5219.200000 0.958977 nan
5220.000000 0.960001 nan
5220.800000 0.959310 nan
5221.600000 0.962245 nan
5222.400000 0.963984 nan
5223.200000 0.965066 nan
5224.000000 0.967338 nan
5224.800000 0.970282 nan
5225.600000 0.969242 nan
5226.400000 0.976064 nan
5227.200000 0.978300 nan
5228.000000 0.975989 nan
5228.800000 0.974627 nan
5229.600000 0.974929 nan
5230.400000 0.976173 nan
5231.200000 0.978329 nan
5232.000000 0.977874 nan
5232.800000 0.971157 nan
5233.600000 0.975292 nan
5234.400000 0.973117 nan
5235.200000 0.972100 nan
5236.000000 0.976189 nan
5236.800000 0.975468 nan
5237.600000 0.972501 nan
5238.400000 0.972988 nan
5239.200000 0.976059 nan
5240.000000 0.978283 nan
5240.800000 0.975677 nan
5241.600000 0.972585 nan
5242.400000 0.973972 nan
5243.200000 0.976755 nan
5244.000000 0.974346 nan
5244.800000 0.971498 nan
5245.600000 0.979217 nan
5246.400000 0.979308 nan
5247.200000 0.970592 nan
5248.000000 0.974652 nan
5248.800000 0.971371 nan
5249.600000 0.971499 nan
5250.400000 0.970641 nan
5251.200000 0.965070 nan
5252.000000 0.964096 nan
5252.800000 0.963621 nan
5253.600000 0.964073 nan
5254.400000 0.964687 nan
5255.200000 0.964260 nan
5256.000000 0.963793 nan
5256.800000 0.962309 nan
5257.600000 0.960682 nan
5258.400000 0.959267 nan
5259.200000 0.958208 nan
5260.000000 0.961094 nan
5260.800000 0.959091 nan
5261.600000 0.957538 nan
5262.400000 0.960108 nan
5263.200000 0.961248 nan
5264.000000 0.966475 nan
5264.800000 0.959592 nan
5265.600000 0.953309 nan
5266.400000 0.960501 nan
5267.200000 0.961667 nan
5268.000000 0.959754 nan
5268.800000 0.957907 nan
5269.600000 0.955430 nan
5270.400000 0.950635 nan
5271.200000 0.951241 nan
5272.000000 0.954317 nan
5272.800000 0.954739 nan
5273.600000 0.953199 nan
5274.400000 0.956285 nan
5275.200000 0.953380 nan
5276.000000 0.951539 nan
5276.800000 0.950006 nan
5277.600000 0.946833 nan
5278.400000 0.945045 nan
5279.200000 0.942969 nan
5280.000000 0.944253 nan
5280.800000 0.940845 nan
5281.600000 0.925946 nan
5282.400000 0.938665 nan
5283.200000 0.945814 nan
5284.000000 0.944038 nan
5284.800000 0.938153 nan
5285.600000 0.938174 nan
5286.400000 0.946803 nan
5287.200000 0.941557 nan
5288.000000 0.935607 nan
5288.800000 0.939378 nan
5289.600000 0.937532 nan
5290.400000 0.940918 nan
5291.200000 0.940370 nan
5292.000000 0.936562 nan
5292.800000 0.936364 nan
5293.600000 0.945981 nan
5294.400000 0.935658 nan
5295.200000 0.929990 nan
5296.000000 0.936639 nan
5296.800000 0.942005 nan
5297.600000 0.939561 nan
5298.400000 0.938733 nan
5299.200000 0.936000 nan
5300.000000 0.929896 nan
5300.800000 0.927245 nan
5301.600000 0.927345 nan
5302.400000 0.927731 nan
5303.200000 0.930659 nan
5304.000000 0.936391 nan
5304.800000 0.933928 nan
5305.600000 0.931831 nan
5306.400000 0.937355 nan
5307.200000 0.943348 nan
5308.000000 0.936708 nan
5308.800000 0.933709 nan
5309.600000 0.936880 nan
5310.400000 0.939460 nan
5311.200000 0.937310 nan
5312.000000 0.934493 nan
5312.800000 0.952163 nan
5313.600000 0.952570 nan
5314.400000 0.946013 nan
5315.200000 0.947934 nan
5316.000000 0.945753 nan
5316.800000 0.946144 nan
5317.600000 0.943699 nan
5318.400000 0.940731 nan
5319.200000 0.942714 nan
5320.000000 0.945202 nan
5320.800000 0.942082 nan
5321.600000 0.938382 nan
5322.400000 0.940008 nan
5323.200000 0.949517 nan
5324.000000 0.947936 nan
5324.800000 0.951682 nan
5325.600000 0.954025 nan
5326.400000 0.949917 nan
5327.200000 0.951430 nan
5328.000000 0.957639 nan
5328.800000 0.959868 nan
5329.600000 0.955802 nan
5330.400000 0.950089 nan
5331.200000 0.959316 nan
5332.000000 0.963215 nan
5332.800000 0.963995 nan
5333.600000 0.963228 nan
5334.400000 0.959397 nan
5335.200000 0.959050 nan
5336.000000 0.963080 nan
5336.800000 0.969370 nan
5337.600000 0.972482 nan
5338.400000 0.964934 nan
5339.200000 0.966613 nan
5340.000000 0.968555 nan
5340.800000 0.965648 nan
5341.600000 0.960730 nan
5342.400000 0.971163 nan
5343.200000 0.971525 nan
5344.000000 0.970888 nan
5344.800000 0.971261 nan
5345.600000 0.967777 nan
5346.400000 0.962682 nan
5347.200000 0.968753 nan
5348.000000 0.971653 nan
5348.800000 0.966146 nan
5349.600000 0.967621 nan
5350.400000 0.975429 nan
5351.200000 0.974460 nan
5352.000000 0.973311 nan
5352.800000 0.975999 nan
5353.600000 0.962288 nan
5354.400000 0.965275 nan
5355.200000 0.975889 nan
5356.000000 0.980053 nan
5356.800000 0.969510 nan
5357.600000 0.965476 nan
5358.400000 0.965439 nan
5359.200000 0.968238 nan
5360.000000 0.971924 nan
5360.800000 0.972441 nan
5361.600000 0.967047 nan
5362.400000 0.967533 nan
5363.200000 0.972597 nan
5364.000000 0.970393 nan
5364.800000 0.941191 nan
5365.600000 0.957782 nan
5366.400000 0.972833 nan
5367.200000 0.972070 nan
5368.000000 0.964195 nan
5368.800000 0.976545 nan
5369.600000 0.965942 nan
5370.400000 0.962469 nan
5371.200000 0.969037 nan
5372.000000 0.964286 nan
5372.800000 0.949417 nan
5373.600000 0.953386 nan
5374.400000 0.963817 nan
5375.200000 0.967784 nan
5376.000000 0.962046 nan
5376.800000 0.961851 nan
5377.600000 0.959947 nan
5378.400000 0.959590 nan
5379.200000 0.963586 nan
5380.000000 0.960968 nan
5380.800000 0.953864 nan
5381.600000 0.953765 nan
5382.400000 0.959972 nan
5383.200000 0.964017 nan
5384.000000 0.964629 nan
5384.800000 0.965184 nan
5385.600000 0.962777 nan
5386.400000 0.959659 nan
5387.200000 0.962898 nan
5388.000000 0.951112 nan
5388.800000 0.954656 nan
5389.600000 0.959666 nan
5390.400000 0.953870 nan
5391.200000 0.956848 nan
5392.000000 0.962758 nan
5392.800000 0.963695 nan
5393.600000 0.957339 nan
5394.400000 0.947434 nan
5395.200000 0.951047 nan
5396.000000 0.961600 nan
5396.800000 0.960801 nan
5397.600000 0.955376 nan
5398.400000 0.967044 nan
5399.200000 0.953080 nan
5400.000000 0.948489 nan
5400.800000 0.948894 nan
5401.600000 0.948964 nan
5402.400000 0.957279 nan
5403.200000 0.949010 nan
5404.000000 0.956815 nan
5404.800000 0.961159 nan
5405.600000 0.941595 nan
5406.400000 0.950289 nan
5407.200000 0.956896 nan
5408.000000 0.953364 nan
5408.800000 0.949407 nan
5409.600000 0.958755 nan
5410.400000 0.952444 nan
5411.200000 0.952118 nan
5412.000000 0.954612 nan
5412.800000 0.952840 nan
5413.600000 0.943664 nan
5414.400000 0.949972 nan
5415.200000 0.952476 nan
5416.000000 0.953664 nan
5416.800000 0.957441 nan
5417.600000 0.952138 nan
5418.400000 0.957338 nan
5419.200000 0.954814 nan
5420.000000 0.946042 nan
5420.800000 0.944479 nan
5421.600000 0.953908 nan
5422.400000 0.953351 nan
5423.200000 0.954501 nan
5424.000000 0.956584 nan
5424.800000 0.946475 nan
5425.600000 0.958499 nan
5426.400000 0.955116 nan
5427.200000 0.948348 nan
5428.000000 0.950244 nan
5428.800000 0.947254 nan
5429.600000 0.947884 nan
5430.400000 0.947825 nan
5431.200000 0.946659 nan
5432.000000 0.947572 nan
5432.800000 0.955676 nan
5433.600000 0.948215 nan
5434.400000 0.939404 nan
5435.200000 0.937410 nan
5436.000000 0.940258 nan
5436.800000 0.945198 nan
5437.600000 0.943561 nan
5438.400000 0.939315 nan
5439.200000 0.936805 nan
5440.000000 0.937936 nan
5440.800000 0.943515 nan
5441.600000 0.945761 nan
5442.400000 0.945049 nan
5443.200000 0.944005 nan
5444.000000 0.942727 nan
5444.800000 0.945823 nan
5445.600000 0.942184 nan
5446.400000 0.934533 nan
5447.200000 0.932966 nan
5448.000000 0.931682 nan
5448.800000 0.937272 nan
5449.600000 0.941086 nan
5450.400000 0.939524 nan
5451.200000 0.938521 nan
5452.000000 0.936816 nan
5452.800000 0.934326 nan
5453.600000 0.934394 nan
5454.400000 0.936253 nan
5455.200000 0.928002 nan
5456.000000 0.925729 nan
5456.800000 0.930502 nan
5457.600000 0.930888 nan
5458.400000 0.918272 nan
5459.200000 0.925928 nan
5460.000000 0.930037 nan
5460.800000 0.928970 nan
5461.600000 0.926886 nan
5462.400000 0.929578 nan
5463.200000 0.933847 nan
5464.000000 0.933268 nan
5464.800000 0.931761 nan
5465.600000 0.931128 nan
5466.400000 0.925779 nan
5467.200000 0.928324 nan
5468.000000 0.930019 nan
5468.800000 0.929410 nan
5469.600000 0.928373 nan
5470.400000 0.927464 nan
5471.200000 0.932398 nan
5472.000000 0.931091 nan
5472.800000 0.925872 nan
5473.600000 0.929483 nan
5474.400000 0.932760 nan
5475.200000 0.929388 nan
5476.000000 0.927057 nan
5476.800000 0.928689 nan
5477.600000 0.926650 nan
5478.400000 0.927944 nan
5479.200000 0.934782 nan
5480.000000 0.937948 nan
5480.800000 0.933320 nan
5481.600000 0.939496 nan
5482.400000 0.937143 nan
5483.200000 0.937409 nan
5484.000000 0.940714 nan
5484.800000 0.939877 nan
5485.600000 0.938214 nan
5486.400000 0.938249 nan
5487.200000 0.940516 nan
5488.000000 0.942334 nan
5488.800000 0.939771 nan
5489.600000 0.949163 nan
5490.400000 0.943949 nan
5491.200000 0.939372 nan
5492.000000 0.947089 nan
5492.800000 0.944768 nan
5493.600000 0.946310 nan
5494.400000 0.948284 nan
5495.200000 0.947031 nan
5496.000000 0.943283 nan
5496.800000 0.951465 nan
5497.600000 0.960167 nan
5498.400000 0.961793 nan
5499.200000 0.955585 nan
5500.000000 0.948632 nan
5500.800000 0.952335 nan
5501.600000 0.946362 nan
5502.400000 0.946539 nan
5503.200000 0.958599 nan
5504.000000 0.956159 nan
5504.800000 0.968552 nan
5505.600000 0.975734 nan
5506.400000 0.973328 nan
5507.200000 0.964932 nan
5508.000000 0.952557 nan
5508.800000 0.972584 nan
5509.600000 0.980831 nan
5510.400000 0.970587 nan
5511.200000 0.965530 nan
5512.000000 0.965035 nan
5512.800000 0.969939 nan
5513.600000 0.972294 nan
5514.400000 0.967859 nan
5515.200000 0.961425 nan
5516.000000 0.967266 nan
5516.800000 0.969020 nan
5517.600000 0.965714 nan
5518.400000 0.964350 nan
5519.200000 0.975512 nan
5520.000000 0.975981 nan
5520.800000 0.974164 nan
5521.600000 0.976236 nan
5522.400000 0.980434 nan
5523.200000 0.965079 nan
5524.000000 0.966176 nan
5524.800000 0.969151 nan
5525.600000 0.966895 nan
5526.400000 0.969375 nan
5527.200000 0.977912 nan
5528.000000 0.972751 nan
5528.800000 0.969133 nan
5529.600000 0.977691 nan
5530.400000 0.979222 nan
5531.200000 0.970092 nan
5532.000000 0.972493 nan
5532.800000 0.976779 nan
5533.600000 0.967088 nan
5534.400000 0.969606 nan
5535.200000 0.974984 nan
5536.000000 0.975074 nan
5536.800000 0.972274 nan
5537.600000 0.974791 nan
5538.400000 0.970103 nan
5539.200000 0.971620 nan
5540.000000 0.979095 nan
5540.800000 0.983441 nan
5541.600000 0.969783 nan
5542.400000 0.973918 nan
5543.200000 0.970972 nan
5544.000000 0.967835 nan
5544.800000 0.977301 nan
5545.600000 0.985556 nan
5546.400000 0.983361 nan
5547.200000 0.974504 nan
5548.000000 0.969197 nan
5548.800000 0.976301 nan
5549.600000 0.975977 nan
5550.400000 0.978878 nan
5551.200000 0.974885 nan
5552.000000 0.967343 nan
5552.800000 0.977835 nan
5553.600000 0.972888 nan
5554.400000 0.972984 nan
5555.200000 0.978618 nan
5556.000000 0.981193 nan
5556.800000 0.970381 nan
5557.600000 0.973484 nan
5558.400000 0.979521 nan
5559.200000 0.981833 nan
5560.000000 0.979019 nan
5560.800000 0.975695 nan
5561.600000 0.976197 nan
5562.400000 0.973815 nan
5563.200000 0.971880 nan
5564.000000 0.982148 nan
5564.800000 0.985285 nan
5565.600000 0.970685 nan
5566.400000 0.965842 nan
5567.200000 0.978538 nan
5568.000000 0.965544 nan
5568.800000 0.971513 nan
5569.600000 0.967441 nan
5570.400000 0.961900 nan
5571.200000 0.971603 nan
5572.000000 0.974208 nan
5572.800000 0.981940 nan
5573.600000 0.978092 nan
5574.400000 0.969602 nan
5575.200000 0.979385 nan
5576.000000 0.979991 nan
5576.800000 0.969446 nan
5577.600000 0.966078 nan
5578.400000 0.972169 nan
5579.200000 0.962827 nan
5580.000000 0.958286 nan
5580.800000 0.960183 nan
5581.600000 0.963318 nan
5582.400000 0.963585 nan
5583.200000 0.964359 nan
5584.000000 0.960261 nan
5584.800000 0.958613 nan
5585.600000 0.962505 nan
5586.400000 0.968954 nan
5587.200000 0.962431 nan
5588.000000 0.976812 nan
5588.800000 0.980174 nan
5589.600000 0.961644 nan
5590.400000 0.951877 nan
5591.200000 0.960696 nan
5592.000000 0.965835 nan
5592.800000 0.961093 nan
5593.600000 0.951535 nan
5594.400000 0.954856 nan
5595.200000 0.952757 nan
5596.000000 0.950469 nan
5596.800000 0.950733 nan
5597.600000 0.952541 nan
5598.400000 0.949515 nan
5599.200000 0.949881 nan
5600.000000 0.953176 nan
5600.800000 0.961599 nan
5601.600000 0.976283 nan
5602.400000 0.965351 nan
5603.200000 0.957698 nan
5604.000000 0.961816 nan
5604.800000 0.971481 nan
5605.600000 0.965438 nan
5606.400000 0.969768 nan
5607.200000 0.965064 nan
5608.000000 0.960216 nan
5608.800000 0.967167 nan
5609.600000 0.962499 nan
5610.400000 0.952131 nan
5611.200000 0.958696 nan
5612.000000 0.969007 nan
5612.800000 0.955238 nan
5613.600000 0.967103 nan
5614.400000 0.976468 nan
5615.200000 0.971085 nan
5616.000000 0.960170 nan
5616.800000 0.972122 nan
5617.600000 0.970452 nan
5618.400000 0.967491 nan
5619.200000 0.966046 nan
5620.000000 0.963947 nan
5620.800000 0.961098 nan
5621.600000 0.974802 nan
5622.400000 0.979822 nan
5623.200000 0.974098 nan
5624.000000 0.968893 nan
5624.800000 0.964173 nan
5625.600000 0.963725 nan
5626.400000 0.968831 nan
5627.200000 0.971913 nan
5628.000000 0.961701 nan
5628.800000 0.982949 nan
5629.600000 0.986171 nan
5630.400000 0.982529 nan
5631.200000 0.988349 nan
5632.000000 0.989323 nan
5632.800000 0.982447 nan
5633.600000 0.966006 nan
5634.400000 0.948896 nan
5635.200000 0.946549 nan
5636.000000 0.977094 nan
5636.800000 0.973366 nan
5637.600000 0.967810 nan
5638.400000 0.976737 nan
5639.200000 0.984905 nan
5640.000000 0.976353 nan
5640.800000 0.979348 nan
5641.600000 0.984283 nan
5642.400000 0.982098 nan
5643.200000 0.979747 nan
5644.000000 0.982661 nan
5644.800000 0.984301 nan
5645.600000 0.985498 nan
5646.400000 0.985926 nan
5647.200000 0.974652 nan
5648.000000 0.981731 nan
5648.800000 0.987394 nan
5649.600000 0.984523 nan
5650.400000 0.980407 nan
5651.200000 0.982862 nan
5652.000000 0.986826 nan
5652.800000 0.984186 nan
5653.600000 0.981968 nan
5654.400000 1.000904 nan
5655.200000 0.981630 nan
5656.000000 0.971822 nan
5656.800000 0.973107 nan
5657.600000 0.976586 nan
5658.400000 0.984236 nan
5659.200000 0.977237 nan
5660.000000 0.981930 nan
5660.800000 0.984949 nan
5661.600000 0.963874 nan
5662.400000 0.976728 nan
5663.200000 0.982300 nan
5664.000000 0.980713 nan
5664.800000 0.975539 nan
5665.600000 0.968352 nan
5666.400000 0.975326 nan
5667.200000 0.966217 nan
5668.000000 0.969246 nan
5668.800000 0.994720 nan
5669.600000 0.986646 nan
5670.400000 0.989629 nan
5671.200000 0.985364 nan
5672.000000 0.982051 nan
5672.800000 0.990746 nan
5673.600000 0.978170 nan
5674.400000 0.975067 nan
5675.200000 0.978433 nan
5676.000000 0.983002 nan
5676.800000 0.984385 nan
5677.600000 0.976666 nan
5678.400000 0.965028 nan
5679.200000 0.967857 nan
5680.000000 0.982948 nan
5680.800000 0.975080 nan
5681.600000 0.979715 nan
5682.400000 0.984117 nan
5683.200000 0.980278 nan
5684.000000 0.970398 nan
5684.800000 0.974130 nan
5685.600000 0.987564 nan
5686.400000 0.986439 nan
5687.200000 0.975121 nan
5688.000000 0.974886 nan
5688.800000 0.974738 nan
5689.600000 0.964937 nan
5690.400000 0.953077 nan
5691.200000 0.956128 nan
5692.000000 0.986847 nan
5692.800000 0.979533 nan
5693.600000 0.972567 nan
5694.400000 0.972659 nan
5695.200000 0.975994 nan
5696.000000 0.980136 nan
5696.800000 0.965610 nan
5697.600000 0.960456 nan
5698.400000 0.965896 nan
5699.200000 0.968840 nan
5700.000000 0.968000 nan
5700.800000 0.978699 nan
5701.600000 0.975119 nan
5702.400000 0.961701 nan
5703.200000 0.969159 nan
5704.000000 0.948289 nan
5704.800000 0.959155 nan
5705.600000 0.969351 nan
5706.400000 0.957369 nan
5707.200000 0.965203 nan
5708.000000 0.971412 nan
5708.800000 0.974120 nan
5709.600000 0.970345 nan
5710.400000 0.960617 nan
5711.200000 0.962745 nan
5712.000000 0.964320 nan
5712.800000 0.963009 nan
5713.600000 0.965541 nan
5714.400000 0.978642 nan
5715.200000 0.967699 nan
5716.000000 0.958909 nan
5716.800000 0.951170 nan
5717.600000 0.947875 nan
5718.400000 0.962998 nan
5719.200000 0.957435 nan
5720.000000 0.959256 nan
5720.800000 0.963443 nan
5721.600000 0.959154 nan
5722.400000 0.957447 nan
5723.200000 0.966249 nan
5724.000000 0.967201 nan
5724.800000 0.959034 nan
5725.600000 0.953116 nan
5726.400000 0.959237 nan
5727.200000 0.961909 nan
5728.000000 0.955492 nan
5728.800000 0.948935 nan
5729.600000 0.960444 nan
5730.400000 0.950949 nan
5731.200000 0.952019 nan
5732.000000 0.958359 nan
5732.800000 0.957822 nan
5733.600000 0.951651 nan
5734.400000 0.958905 nan
5735.200000 0.961796 nan
5736.000000 0.958929 nan
5736.800000 0.956725 nan
5737.600000 0.954631 nan
5738.400000 0.956918 nan
5739.200000 0.965380 nan
5740.000000 0.972318 nan
5740.800000 0.963477 nan
5741.600000 0.957229 nan
5742.400000 0.958481 nan
5743.200000 0.959026 nan
5744.000000 0.954130 nan
5744.800000 0.949707 nan
5745.600000 0.952494 nan
5746.400000 0.956410 nan
5747.200000 0.961830 nan
5748.000000 0.967374 nan
5748.800000 0.955009 nan
5749.600000 0.954986 nan
5750.400000 0.953040 nan
5751.200000 0.949993 nan
5752.000000 0.956156 nan
5752.800000 0.952691 nan
5753.600000 0.954786 nan
5754.400000 0.955832 nan
5755.200000 0.953094 nan
5756.000000 0.953787 nan
5756.800000 0.947107 nan
5757.600000 0.958636 nan
5758.400000 0.964975 nan
5759.200000 0.949960 nan
5760.000000 0.954826 nan
5760.800000 0.954789 nan
5761.600000 0.954356 nan
5762.400000 0.944026 nan
5763.200000 0.919848 nan
5764.000000 0.945869 nan
5764.800000 0.950109 nan
5765.600000 0.947965 nan
5766.400000 0.951671 nan
5767.200000 0.954031 nan
5768.000000 0.945822 nan
5768.800000 0.953570 nan
5769.600000 0.964464 nan
5770.400000 0.963877 nan
5771.200000 0.958019 nan
5772.000000 0.953502 nan
5772.800000 0.963578 nan
5773.600000 0.969598 nan
5774.400000 0.953419 nan
5775.200000 0.953160 nan
5776.000000 0.956560 nan
5776.800000 0.957781 nan
5777.600000 0.959023 nan
5778.400000 0.964299 nan
5779.200000 0.953188 nan
5780.000000 0.952873 nan
5780.800000 0.962590 nan
5781.600000 0.972851 nan
5782.400000 0.969532 nan
5783.200000 0.941118 nan
5784.000000 0.947135 nan
5784.800000 0.966094 nan
5785.600000 0.963406 nan
5786.400000 0.954129 nan
5787.200000 0.955900 nan
5788.000000 0.959165 nan
5788.800000 0.959315 nan
5789.600000 0.958639 nan
5790.400000 0.969314 nan
5791.200000 0.957953 nan
5792.000000 0.952860 nan
5792.800000 0.960174 nan
5793.600000 0.949589 nan
5794.400000 0.958612 nan
5795.200000 0.960665 nan
5796.000000 0.956331 nan
5796.800000 0.957288 nan
5797.600000 0.975197 nan
5798.400000 0.967583 nan
5799.200000 0.959785 nan
5800.000000 0.959216 nan
5800.800000 0.959323 nan
5801.600000 0.954159 nan
5802.400000 0.959351 nan
5803.200000 0.961195 nan
5804.000000 0.955692 nan
5804.800000 0.953230 nan
5805.600000 0.954294 nan
5806.400000 0.954929 nan
5807.200000 0.956916 nan
5808.000000 0.960782 nan
5808.800000 0.961926 nan
5809.600000 0.963923 nan
5810.400000 0.959878 nan
5811.200000 0.954712 nan
5812.000000 0.954641 nan
5812.800000 0.952130 nan
5813.600000 0.951110 nan
5814.400000 0.959062 nan
5815.200000 0.965236 nan
5816.000000 0.951301 nan
5816.800000 0.950705 nan
5817.600000 0.958920 nan
5818.400000 0.959327 nan
5819.200000 0.950674 nan
5820.000000 0.954836 nan
5820.800000 0.955594 nan
5821.600000 0.953793 nan
5822.400000 0.952857 nan
5823.200000 0.955816 nan
5824.000000 0.961998 nan
5824.800000 0.959865 nan
5825.600000 0.959402 nan
5826.400000 0.961036 nan
5827.200000 0.959051 nan
5828.000000 0.957320 nan
5828.800000 0.959612 nan
5829.600000 0.958950 nan
5830.400000 0.953868 nan
5831.200000 0.951945 nan
5832.000000 0.956065 nan
5832.800000 0.956748 nan
5833.600000 0.954288 nan
5834.400000 0.951751 nan
5835.200000 0.952117 nan
5836.000000 0.956058 nan
5836.800000 0.956214 nan
5837.600000 0.959268 nan
5838.400000 0.969484 nan
5839.200000 0.953019 nan
5840.000000 0.948799 nan
5840.800000 0.949073 nan
5841.600000 0.950085 nan
5842.400000 0.955756 nan
5843.200000 0.948908 nan
5844.000000 0.949563 nan
5844.800000 0.950053 nan
5845.600000 0.947128 nan
5846.400000 0.955519 nan
5847.200000 0.954552 nan
5848.000000 0.955429 nan
5848.800000 0.960342 nan
5849.600000 0.964442 nan
5850.400000 0.959289 nan
5851.200000 0.954843 nan
5852.000000 0.958416 nan
5852.800000 0.962818 nan
5853.600000 0.956318 nan
5854.400000 0.964010 nan
5855.200000 0.958765 nan
5856.000000 0.957287 nan
5856.800000 0.965067 nan
5857.600000 0.960309 nan
5858.400000 0.956654 nan
5859.200000 0.957668 nan
5860.000000 0.963649 nan
5860.800000 0.970143 nan
5861.600000 0.964645 nan
5862.400000 0.966122 nan
5863.200000 0.965613 nan
5864.000000 0.961454 nan
5864.800000 0.957991 nan
5865.600000 0.958800 nan
5866.400000 0.958215 nan
5867.200000 0.958954 nan
5868.000000 0.961247 nan
5868.800000 0.961035 nan
5869.600000 0.959200 nan
5870.400000 0.959514 nan
5871.200000 0.963306 nan
5872.000000 0.966946 nan
5872.800000 0.959357 nan
5873.600000 0.959756 nan
5874.400000 0.965521 nan
5875.200000 0.968751 nan
5876.000000 0.964726 nan
5876.800000 0.966684 nan
5877.600000 0.963380 nan
5878.400000 0.957958 nan
5879.200000 0.956592 nan
5880.000000 0.964845 nan
5880.800000 0.967990 nan
5881.600000 0.965598 nan
5882.400000 0.962786 nan
5883.200000 0.964103 nan
5884.000000 0.970931 nan
5884.800000 0.974690 nan
5885.600000 0.972450 nan
5886.400000 0.971216 nan
5887.200000 0.975926 nan
5888.000000 0.973540 nan
5888.800000 0.977639 nan
5889.600000 0.979608 nan
5890.400000 0.977388 nan
5891.200000 0.976462 nan
5892.000000 0.984257 nan
5892.800000 0.987671 nan
5893.600000 0.989846 nan
5894.400000 0.992629 nan
5895.200000 0.992294 nan
5896.000000 0.992758 nan
5896.800000 0.992369 nan
5897.600000 0.990377 nan
5898.400000 0.989812 nan
5899.200000 0.999977 nan
5900.000000 0.995822 nan
5900.800000 0.997116 nan
5901.600000 1.000568 nan
5902.400000 0.994336 nan
5903.200000 1.000147 nan
5904.000000 1.009059 nan
5904.800000 1.013845 nan
5905.600000 1.010205 nan
5906.400000 1.000015 nan
5907.200000 1.006640 nan
5908.000000 1.005210 nan
5908.800000 0.998185 nan
5909.600000 0.995142 nan
5910.400000 1.002565 nan
5911.200000 1.004077 nan
5912.000000 1.004384 nan
5912.800000 1.003943 nan
5913.600000 1.001277 nan
5914.400000 0.999471 nan
5915.200000 1.001591 nan
5916.000000 1.002094 nan
5916.800000 1.000952 nan
5917.600000 1.003472 nan
5918.400000 1.010932 nan
5919.200000 0.999869 nan
5920.000000 0.994804 nan
5920.800000 1.003489 nan
5921.600000 0.995486 nan
5922.400000 1.003374 nan
5923.200000 1.008912 nan
5924.000000 1.004637 nan
5924.800000 0.993773 nan
5925.600000 0.996857 nan
5926.400000 1.003614 nan
5927.200000 1.011277 nan
5928.000000 1.014292 nan
5928.800000 1.008903 nan
5929.600000 1.009658 nan
5930.400000 1.009067 nan
5931.200000 1.007116 nan
5932.000000 1.008022 nan
5932.800000 1.015950 nan
5933.600000 1.005863 nan
5934.400000 1.005561 nan
5935.200000 1.011581 nan
5936.000000 1.013739 nan
5936.800000 1.010412 nan
5937.600000 1.004821 nan
5938.400000 1.008970 nan
5939.200000 1.013881 nan
5940.000000 1.007907 nan
5940.800000 1.018714 nan
5941.600000 1.005979 nan
5942.400000 0.995351 nan
5943.200000 0.998750 nan
5944.000000 1.005766 nan
5944.800000 0.999947 nan
5945.600000 1.002178 nan
5946.400000 1.003447 nan
5947.200000 1.000207 nan
5948.000000 1.009917 nan
5948.800000 0.999868 nan
5949.600000 1.002322 nan
5950.400000 1.011185 nan
5951.200000 1.007848 nan
5952.000000 0.998531 nan
5952.800000 0.985784 nan
5953.600000 0.993374 nan
5954.400000 1.011605 nan
5955.200000 1.006294 nan
5956.000000 1.009748 nan
5956.800000 1.002195 nan
5957.600000 0.998516 nan
5958.400000 1.005199 nan
5959.200000 1.005186 nan
5960.000000 0.991752 nan
5960.800000 0.996826 nan
5961.600000 1.006370 nan
5962.400000 1.002717 nan
5963.200000 1.000383 nan
5964.000000 0.999977 nan
5964.800000 0.999235 nan
5965.600000 0.997491 nan
5966.400000 0.995505 nan
5967.200000 0.994728 nan
5968.000000 0.994276 nan
5968.800000 0.994731 nan
5969.600000 0.995094 nan
5970.400000 0.993564 nan
5971.200000 0.999814 nan
5972.000000 0.993326 nan
5972.800000 0.985660 nan
5973.600000 0.988148 nan
5974.400000 0.990849 nan
5975.200000 0.983766 nan
5976.000000 0.996886 nan
5976.800000 1.008092 nan
5977.600000 0.986148 nan
5978.400000 0.984133 nan
5979.200000 0.988429 nan
5980.000000 0.992554 nan
5980.800000 0.996623 nan
5981.600000 0.998577 nan
5982.400000 0.970588 nan
5983.200000 0.985428 nan
5984.000000 0.999328 nan
5984.800000 0.986878 nan
5985.600000 1.000033 nan
5986.400000 0.999773 nan
5987.200000 0.994601 nan
5988.000000 0.996630 nan
5988.800000 1.007289 nan
5989.600000 0.995247 nan
5990.400000 0.992463 nan
5991.200000 0.996190 nan
5992.000000 0.999527 nan
5992.800000 0.997336 nan
5993.600000 0.997124 nan
5994.400000 1.000236 nan
5995.200000 0.994273 nan
5996.000000 0.982993 nan
5996.800000 0.995438 nan
5997.600000 1.006327 nan
5998.400000 1.002948 nan
5999.200000 0.996227 nan
6000.000000 0.997261 nan
