3600.000000 1.031790 nan
3600.800000 1.034249 nan
3601.600000 1.032483 nan
3602.400000 1.028160 nan
3603.200000 1.020327 nan
3604.000000 1.003647 nan
3604.800000 1.015557 nan
3605.600000 1.022771 nan
3606.400000 1.024387 nan
3607.200000 1.031507 nan
3608.000000 1.032427 nan
3608.800000 1.029076 nan
3609.600000 1.027236 nan
3610.400000 1.033545 nan
3611.200000 1.034765 nan
3612.000000 1.034418 nan
3612.800000 1.035530 nan
3613.600000 1.033115 nan
3614.400000 1.026498 nan
3615.200000 1.029653 nan
3616.000000 1.031904 nan
3616.800000 1.034509 nan
3617.600000 1.038172 nan
3618.400000 1.041375 nan
3619.200000 1.033963 nan
3620.000000 1.027526 nan
3620.800000 1.032345 nan
3621.600000 1.042061 nan
3622.400000 1.041918 nan
3623.200000 1.032553 nan
3624.000000 1.038807 nan
3624.800000 1.034432 nan
3625.600000 1.014871 nan
3626.400000 1.023100 nan
3627.200000 1.027782 nan
3628.000000 1.027116 nan
3628.800000 1.027548 nan
3629.600000 1.032528 nan
3630.400000 1.036842 nan
3631.200000 1.034360 nan
3632.000000 1.032283 nan
3632.800000 1.029840 nan
3633.600000 1.023879 nan
3634.400000 1.028621 nan
3635.200000 1.031772 nan
3636.000000 1.033194 nan
3636.800000 1.030145 nan
3637.600000 1.021402 nan
3638.400000 1.035440 nan
3639.200000 1.042058 nan
3640.000000 1.042498 nan
3640.800000 1.037352 nan
3641.600000 1.013681 nan
3642.400000 1.019560 nan
3643.200000 1.018390 nan
3644.000000 1.013143 nan
3644.800000 1.021526 nan
3645.600000 1.019070 nan
3646.400000 1.022117 nan
3647.200000 1.026842 nan
3648.000000 1.033565 nan
3648.800000 1.045175 nan
3649.600000 1.031253 nan
3650.400000 1.019398 nan
3651.200000 1.021059 nan
3652.000000 1.031922 nan
3652.800000 1.024989 nan
3653.600000 1.026951 nan
3654.400000 1.025799 nan
3655.200000 1.023741 nan
3656.000000 1.027418 nan
3656.800000 1.033357 nan
3657.600000 1.041115 nan
3658.400000 1.044742 nan
3659.200000 1.042115 nan
3660.000000 1.034551 nan
3660.800000 1.023011 nan
3661.600000 1.017663 nan
3662.400000 1.022323 nan
3663.200000 1.032047 nan
3664.000000 1.028969 nan
3664.800000 1.028850 nan
3665.600000 1.024446 nan
3666.400000 1.021631 nan
3667.200000 1.029734 nan
3668.000000 1.057605 nan
3668.800000 1.068470 nan
3669.600000 1.064179 nan
3670.400000 1.054759 nan
3671.200000 1.047128 nan
3672.000000 1.046574 nan
3672.800000 1.046623 nan
3673.600000 1.043731 nan
3674.400000 1.041575 nan
3675.200000 1.049802 nan
3676.000000 1.053172 nan
3676.800000 1.053698 nan
3677.600000 1.050850 nan
3678.400000 1.046432 nan
3679.200000 1.046525 nan
3680.000000 1.035647 nan
3680.800000 1.026447 nan
3681.600000 1.026297 nan
3682.400000 1.036845 nan
3683.200000 1.038354 nan
3684.000000 1.040370 nan
3684.800000 1.044582 nan
3685.600000 1.049094 nan
3686.400000 1.050314 nan
3687.200000 1.040724 nan
3688.000000 1.036609 nan
3688.800000 1.032848 nan
3689.600000 1.028421 nan
3690.400000 1.033980 nan
3691.200000 1.030332 nan
3692.000000 1.038702 nan
3692.800000 1.047550 nan
3693.600000 1.045192 nan
3694.400000 1.042737 nan
3695.200000 1.029894 nan
3696.000000 1.030719 nan
3696.800000 1.037433 nan
3697.600000 1.030612 nan
3698.400000 1.038715 nan
3699.200000 1.042212 nan
3700.000000 1.039583 nan
3700.800000 1.036216 nan
3701.600000 1.037932 nan
3702.400000 1.031332 nan
3703.200000 1.025759 nan
3704.000000 1.027604 nan
3704.800000 1.034766 nan
3705.600000 1.036205 nan
3706.400000 1.040394 nan
3707.200000 1.044952 nan
3708.000000 1.045264 nan
3708.800000 1.037844 nan
3709.600000 1.029102 nan
3710.400000 1.029422 nan
3711.200000 1.032081 nan
3712.000000 1.036934 nan
3712.800000 1.050118 nan
3713.600000 1.052241 nan
3714.400000 1.051051 nan
3715.200000 1.047855 nan
3716.000000 1.043380 nan
3716.800000 1.041139 nan
3717.600000 1.035003 nan
3718.400000 1.028086 nan
3719.200000 1.026412 nan
3720.000000 1.033041 nan
3720.800000 1.034597 nan
3721.600000 1.035985 nan
3722.400000 1.038367 nan
3723.200000 1.041803 nan
3724.000000 1.044700 nan
3724.800000 1.042761 nan
3725.600000 1.045859 nan
3726.400000 1.045057 nan
3727.200000 1.037253 nan
3728.000000 1.033070 nan
3728.800000 1.030801 nan
3729.600000 1.026721 nan
3730.400000 1.023857 nan
3731.200000 1.025910 nan
3732.000000 1.028525 nan
3732.800000 1.036540 nan
3733.600000 1.037918 nan
3734.400000 1.033500 nan
3735.200000 1.032144 nan
3736.000000 1.029147 nan
3736.800000 1.026936 nan
3737.600000 1.021808 nan
3738.400000 1.017736 nan
3739.200000 1.028107 nan
3740.000000 1.039492 nan
3740.800000 1.038782 nan
3741.600000 1.030986 nan
3742.400000 1.026401 nan
3743.200000 1.034637 nan
3744.000000 1.033077 nan
3744.800000 1.035959 nan
3745.600000 1.042425 nan
3746.400000 1.043029 nan
3747.200000 1.041568 nan
3748.000000 1.030256 nan
3748.800000 1.027275 nan
3749.600000 1.031471 nan
3750.400000 1.027351 nan
3751.200000 1.035100 nan
3752.000000 1.033702 nan
3752.800000 1.026518 nan
3753.600000 1.025827 nan
3754.400000 1.039945 nan
3755.200000 1.043496 nan
3756.000000 1.040828 nan
3756.800000 1.039331 nan
3757.600000 1.043162 nan
3758.400000 1.044399 nan
3759.200000 1.043712 nan
3760.000000 1.036434 nan
3760.800000 1.028577 nan
3761.600000 1.032136 nan
3762.400000 1.040062 nan
3763.200000 1.045048 nan
3764.000000 1.038009 nan
3764.800000 1.022352 nan
3765.600000 1.026795 nan
3766.400000 1.032622 nan
3767.200000 1.043590 nan
3768.000000 1.050382 nan
3768.800000 1.046872 nan
3769.600000 1.046596 nan
3770.400000 1.045441 nan
3771.200000 1.041152 nan
3772.000000 1.035735 nan
3772.800000 1.033633 nan
3773.600000 1.034395 nan
3774.400000 1.032451 nan
3775.200000 1.033741 nan
3776.000000 1.037518 nan
3776.800000 1.034573 nan
3777.600000 1.038068 nan
3778.400000 1.036031 nan
3779.200000 1.031484 nan
3780.000000 1.029867 nan
3780.800000 1.033666 nan
3781.600000 1.035146 nan
3782.400000 1.033747 nan
3783.200000 1.033242 nan
3784.000000 1.035920 nan
3784.800000 1.033610 nan
3785.600000 1.033831 nan
3786.400000 1.035017 nan
3787.200000 1.034442 nan
3788.000000 1.030293 nan
3788.800000 1.030503 nan
3789.600000 1.035434 nan
3790.400000 1.035957 nan
3791.200000 1.030601 nan
3792.000000 1.035199 nan
3792.800000 1.033731 nan
3793.600000 1.024743 nan
3794.400000 1.016446 nan
3795.200000 1.016735 nan
3796.000000 1.021862 nan
3796.800000 1.028525 nan
3797.600000 1.032603 nan
3798.400000 1.035912 nan
3799.200000 1.042232 nan
3800.000000 1.042252 nan
3800.800000 1.046412 nan
3801.600000 1.048874 nan
3802.400000 1.042932 nan
3803.200000 1.029260 nan
3804.000000 1.028055 nan
3804.800000 1.036468 nan
3805.600000 1.041140 nan
3806.400000 1.034789 nan
3807.200000 1.037447 nan
3808.000000 1.034824 nan
3808.800000 1.030976 nan
3809.600000 1.028936 nan
3810.400000 1.029649 nan
3811.200000 1.033155 nan
3812.000000 1.040087 nan
3812.800000 1.039477 nan
3813.600000 1.031523 nan
3814.400000 1.031708 nan
3815.200000 1.037486 nan
3816.000000 1.034675 nan
3816.800000 1.028441 nan
3817.600000 1.026336 nan
3818.400000 1.030493 nan
3819.200000 1.030544 nan
3820.000000 1.033649 nan
3820.800000 1.038262 nan
3821.600000 1.039141 nan
3822.400000 1.035742 nan
3823.200000 1.035081 nan
3824.000000 1.036692 nan
3824.800000 1.036069 nan
3825.600000 1.030099 nan
3826.400000 1.040495 nan
3827.200000 1.036112 nan
3828.000000 1.031432 nan
3828.800000 1.034679 nan
3829.600000 1.032151 nan
3830.400000 1.036955 nan
3831.200000 1.041376 nan
3832.000000 1.042277 nan
3832.800000 1.039737 nan
3833.600000 1.037940 nan
3834.400000 1.038946 nan
3835.200000 1.037236 nan
3836.000000 1.035620 nan
3836.800000 1.039443 nan
3837.600000 1.033791 nan
3838.400000 1.025312 nan
3839.200000 1.025338 nan
3840.000000 1.033053 nan
3840.800000 1.034427 nan
3841.600000 1.034996 nan
3842.400000 1.035392 nan
3843.200000 1.035157 nan
3844.000000 1.036352 nan
3844.800000 1.045705 nan
3845.600000 1.043473 nan
3846.400000 1.038528 nan
3847.200000 1.036246 nan
3848.000000 1.036508 nan
3848.800000 1.034339 nan
3849.600000 1.037095 nan
3850.400000 1.035631 nan
3851.200000 1.029717 nan
3852.000000 1.029065 nan
3852.800000 1.032513 nan
3853.600000 1.036763 nan
3854.400000 1.039520 nan
3855.200000 1.038404 nan
3856.000000 1.031217 nan
3856.800000 1.038097 nan
3857.600000 1.042542 nan
3858.400000 1.040811 nan
3859.200000 1.034386 nan
3860.000000 1.024008 nan
3860.800000 1.026900 nan
3861.600000 1.032537 nan
3862.400000 1.034443 nan
3863.200000 1.032973 nan
3864.000000 1.036676 nan
3864.800000 1.042407 nan
3865.600000 1.040553 nan
3866.400000 1.030401 nan
3867.200000 1.027452 nan
3868.000000 1.035535 nan
3868.800000 1.041328 nan
3869.600000 1.039925 nan
3870.400000 1.033846 nan
3871.200000 1.033769 nan
3872.000000 1.026774 nan
3872.800000 1.026788 nan
3873.600000 1.034264 nan
3874.400000 1.040634 nan
3875.200000 1.042568 nan
3876.000000 1.034018 nan
3876.800000 1.031133 nan
3877.600000 1.038463 nan
3878.400000 1.043490 nan
3879.200000 1.035362 nan
3880.000000 1.032422 nan
3880.800000 1.031737 nan
3881.600000 1.028034 nan
3882.400000 1.025603 nan
3883.200000 1.031897 nan
3884.000000 1.037553 nan
3884.800000 1.036751 nan
3885.600000 1.031513 nan
3886.400000 1.033448 nan
3887.200000 1.030791 nan
3888.000000 1.034337 nan
3888.800000 1.043711 nan
3889.600000 1.045221 nan
3890.400000 1.042223 nan
3891.200000 1.035307 nan
3892.000000 1.032631 nan
3892.800000 1.035919 nan
3893.600000 1.033233 nan
3894.400000 1.038282 nan
3895.200000 1.034213 nan
3896.000000 1.029956 nan
3896.800000 1.035839 nan
3897.600000 1.029742 nan
3898.400000 1.032498 nan
3899.200000 1.034644 nan
3900.000000 1.033359 nan
3900.800000 1.033197 nan
3901.600000 1.037362 nan
3902.400000 1.042430 nan
3903.200000 1.040768 nan
3904.000000 1.034133 nan
3904.800000 1.034317 nan
3905.600000 1.028305 nan
3906.400000 1.027508 nan
3907.200000 1.027870 nan
3908.000000 1.025919 nan
3908.800000 1.032873 nan
3909.600000 1.035907 nan
3910.400000 1.029416 nan
3911.200000 1.026970 nan
3912.000000 1.043277 nan
3912.800000 1.044198 nan
3913.600000 1.038029 nan
3914.400000 1.035296 nan
3915.200000 1.037041 nan
3916.000000 1.036825 nan
3916.800000 1.044618 nan
3917.600000 1.040632 nan
3918.400000 1.033798 nan
3919.200000 1.034633 nan
3920.000000 1.039248 nan
3920.800000 1.031855 nan
3921.600000 1.027877 nan
3922.400000 1.032034 nan
3923.200000 1.041424 nan
3924.000000 1.047175 nan
3924.800000 1.044839 nan
3925.600000 1.047150 nan
3926.400000 1.052319 nan
3927.200000 1.046619 nan
3928.000000 1.047277 nan
3928.800000 1.050520 nan
3929.600000 1.047270 nan
3930.400000 1.040383 nan
3931.200000 1.049052 nan
3932.000000 1.040663 nan
3932.800000 1.037743 nan
3933.600000 1.042784 nan
3934.400000 1.048598 nan
3935.200000 1.044489 nan
3936.000000 1.054071 nan
3936.800000 1.057011 nan
3937.600000 1.050570 nan
3938.400000 1.045858 nan
3939.200000 1.043038 nan
3940.000000 1.039170 nan
3940.800000 1.034267 nan
3941.600000 1.030190 nan
3942.400000 1.028725 nan
3943.200000 1.027884 nan
3944.000000 1.028979 nan
3944.800000 1.028196 nan
3945.600000 1.027929 nan
3946.400000 1.046226 nan
3947.200000 1.044887 nan
3948.000000 1.044426 nan
3948.800000 1.043784 nan
3949.600000 1.032668 nan
3950.400000 1.027638 nan
3951.200000 1.033327 nan
3952.000000 1.040973 nan
3952.800000 1.045747 nan
3953.600000 1.047795 nan
3954.400000 1.042045 nan
3955.200000 1.041515 nan
3956.000000 1.046542 nan
3956.800000 1.052937 nan
3957.600000 1.054404 nan
3958.400000 1.051711 nan
3959.200000 1.043708 nan
3960.000000 1.035982 nan
3960.800000 1.034783 nan
3961.600000 1.035398 nan
3962.400000 1.036984 nan
3963.200000 1.039478 nan
3964.000000 1.037141 nan
3964.800000 1.024795 nan
3965.600000 1.032618 nan
3966.400000 1.039987 nan
3967.200000 1.040127 nan
3968.000000 1.036764 nan
3968.800000 1.042315 nan
3969.600000 1.040702 nan
3970.400000 1.040753 nan
3971.200000 1.040221 nan
3972.000000 1.037623 nan
3972.800000 1.045710 nan
3973.600000 1.049793 nan
3974.400000 1.050399 nan
3975.200000 1.048774 nan
3976.000000 1.047752 nan
3976.800000 1.056859 nan
3977.600000 1.051394 nan
3978.400000 1.041179 nan
3979.200000 1.039050 nan
3980.000000 1.054969 nan
3980.800000 1.057142 nan
3981.600000 1.050946 nan
3982.400000 1.046461 nan
3983.200000 1.047681 nan
3984.000000 1.047172 nan
3984.800000 1.044812 nan
3985.600000 1.046206 nan
3986.400000 1.048529 nan
3987.200000 1.046718 nan
3988.000000 1.046010 nan
3988.800000 1.049141 nan
3989.600000 1.044949 nan
3990.400000 1.036701 nan
3991.200000 1.039131 nan
3992.000000 1.043970 nan
3992.800000 1.045498 nan
3993.600000 1.045639 nan
3994.400000 1.047854 nan
3995.200000 1.054406 nan
3996.000000 1.051240 nan
3996.800000 1.048742 nan
3997.600000 1.048159 nan
3998.400000 1.048173 nan
3999.200000 1.051902 nan
4000.000000 1.051313 nan
4000.800000 1.047323 nan
4001.600000 1.047123 nan
4002.400000 1.056988 nan
4003.200000 1.052059 nan
4004.000000 1.048788 nan
4004.800000 1.046852 nan
4005.600000 1.046105 nan
4006.400000 1.050588 nan
4007.200000 1.043232 nan
4008.000000 1.051681 nan
4008.800000 1.058627 nan
4009.600000 1.046172 nan
4010.400000 1.038020 nan
4011.200000 1.035500 nan
4012.000000 1.040382 nan
4012.800000 1.045597 nan
4013.600000 1.041613 nan
4014.400000 1.036984 nan
4015.200000 1.041242 nan
4016.000000 1.047133 nan
4016.800000 1.045638 nan
4017.600000 1.031162 nan
4018.400000 1.022352 nan
4019.200000 1.025928 nan
4020.000000 1.038025 nan
4020.800000 1.048955 nan
4021.600000 1.041670 nan
4022.400000 1.030714 nan
4023.200000 1.032642 nan
4024.000000 1.039071 nan
4024.800000 1.036700 nan
4025.600000 1.039020 nan
4026.400000 1.036953 nan
4027.200000 1.035901 nan
4028.000000 1.037316 nan
4028.800000 1.039266 nan
4029.600000 1.050124 nan
4030.400000 1.042894 nan
4031.200000 1.037626 nan
4032.000000 1.045567 nan
4032.800000 1.045702 nan
4033.600000 1.042104 nan
4034.400000 1.046364 nan
4035.200000 1.051533 nan
4036.000000 1.048916 nan
4036.800000 1.047616 nan
4037.600000 1.050977 nan
4038.400000 1.051890 nan
4039.200000 1.052014 nan
4040.000000 1.056346 nan
4040.800000 1.049909 nan
4041.600000 1.042734 nan
4042.400000 1.040405 nan
4043.200000 1.043462 nan
4044.000000 1.046530 nan
4044.800000 1.044192 nan
4045.600000 1.050571 nan
4046.400000 1.055174 nan
4047.200000 1.047959 nan
4048.000000 1.044346 nan
4048.800000 1.048921 nan
4049.600000 1.051155 nan
4050.400000 1.048999 nan
4051.200000 1.047100 nan
4052.000000 1.052069 nan
4052.800000 1.054768 nan
4053.600000 1.055189 nan
4054.400000 1.051562 nan
4055.200000 1.043241 nan
4056.000000 1.058982 nan
4056.800000 1.059440 nan
4057.600000 1.057490 nan
4058.400000 1.064970 nan
4059.200000 1.064085 nan
4060.000000 1.060234 nan
4060.800000 1.059094 nan
4061.600000 1.058655 nan
4062.400000 1.055462 nan
4063.200000 1.054186 nan
4064.000000 1.056092 nan
4064.800000 1.063834 nan
4065.600000 1.067044 nan
4066.400000 1.050475 nan
4067.200000 1.045236 nan
4068.000000 1.047973 nan
4068.800000 1.045025 nan
4069.600000 1.036801 nan
4070.400000 1.048813 nan
4071.200000 1.070251 nan
4072.000000 1.084775 nan
4072.800000 1.084968 nan
4073.600000 1.073808 nan
4074.400000 1.079250 nan
4075.200000 1.085282 nan
4076.000000 1.086934 nan
4076.800000 1.088370 nan
4077.600000 1.095006 nan
4078.400000 1.087642 nan
4079.200000 1.064505 nan
4080.000000 1.054377 nan
4080.800000 1.062207 nan
4081.600000 1.067324 nan
4082.400000 1.064848 nan
4083.200000 1.055329 nan
4084.000000 1.046796 nan
4084.800000 1.045918 nan
4085.600000 1.049802 nan
4086.400000 1.054036 nan
4087.200000 1.054411 nan
4088.000000 1.055256 nan
4088.800000 1.061465 nan
4089.600000 1.059373 nan
4090.400000 1.056892 nan
4091.200000 1.056847 nan
4092.000000 1.061128 nan
4092.800000 1.070078 nan
4093.600000 1.067438 nan
4094.400000 1.066336 nan
4095.200000 1.067751 nan
4096.000000 1.068799 nan
4096.800000 1.066258 nan
4097.600000 1.068686 nan
4098.400000 1.063799 nan
4099.200000 1.055902 nan
4100.000000 1.052755 nan
4100.800000 1.051524 nan
4101.600000 1.054609 nan
4102.400000 1.056620 nan
4103.200000 1.058454 nan
4104.000000 1.062897 nan
4104.800000 1.052961 nan
4105.600000 1.044785 nan
4106.400000 1.050069 nan
4107.200000 1.063310 nan
4108.000000 1.057323 nan
4108.800000 1.054031 nan
4109.600000 1.058014 nan
4110.400000 1.061654 nan
4111.200000 1.058326 nan
4112.000000 1.054258 nan
4112.800000 1.050017 nan
4113.600000 1.046228 nan
4114.400000 1.045885 nan
4115.200000 1.051615 nan
4116.000000 1.053401 nan
4116.800000 1.040596 nan
4117.600000 1.034235 nan
4118.400000 1.040103 nan
4119.200000 1.043140 nan
4120.000000 1.042221 nan
4120.800000 1.043738 nan
4121.600000 1.045882 nan
4122.400000 1.047920 nan
4123.200000 1.055078 nan
4124.000000 1.048542 nan
4124.800000 1.046104 nan
4125.600000 1.047604 nan
4126.400000 1.047028 nan
4127.200000 1.053393 nan
4128.000000 1.054357 nan
4128.800000 1.052421 nan
4129.600000 1.050868 nan
4130.400000 1.052191 nan
4131.200000 1.057671 nan
4132.000000 1.050025 nan
4132.800000 1.048748 nan
4133.600000 1.059538 nan
4134.400000 1.052358 nan
4135.200000 1.048846 nan
4136.000000 1.048250 nan
4136.800000 1.051324 nan
4137.600000 1.055402 nan
4138.400000 1.044393 nan
4139.200000 1.049040 nan
4140.000000 1.058879 nan
4140.800000 1.063944 nan
4141.600000 1.057711 nan
4142.400000 1.050772 nan
4143.200000 1.047152 nan
4144.000000 1.046806 nan
4144.800000 1.047708 nan
4145.600000 1.046803 nan
4146.400000 1.058348 nan
4147.200000 1.057391 nan
4148.000000 1.056707 nan
4148.800000 1.068275 nan
4149.600000 1.069837 nan
4150.400000 1.065234 nan
4151.200000 1.061469 nan
4152.000000 1.058793 nan
4152.800000 1.053284 nan
4153.600000 1.044125 nan
4154.400000 1.053743 nan
4155.200000 1.055705 nan
4156.000000 1.048077 nan
4156.800000 1.058981 nan
4157.600000 1.066202 nan
4158.400000 1.064673 nan
4159.200000 1.057787 nan
4160.000000 1.051499 nan
4160.800000 1.052088 nan
4161.600000 1.053775 nan
4162.400000 1.050672 nan
4163.200000 1.043360 nan
4164.000000 1.036253 nan
4164.800000 1.036733 nan
4165.600000 1.042621 nan
4166.400000 1.047213 nan
4167.200000 1.048538 nan
4168.000000 1.049118 nan
4168.800000 1.053100 nan
4169.600000 1.050984 nan
4170.400000 1.048695 nan
4171.200000 1.049480 nan
4172.000000 1.047649 nan
4172.800000 1.049580 nan
4173.600000 1.051451 nan
4174.400000 1.047744 nan
4175.200000 1.039614 nan
4176.000000 1.046376 nan
4176.800000 1.047441 nan
4177.600000 1.044589 nan
4178.400000 1.043616 nan
4179.200000 1.048579 nan
4180.000000 1.047984 nan
4180.800000 1.040246 nan
4181.600000 1.046250 nan
4182.400000 1.062789 nan
4183.200000 1.054286 nan
4184.000000 1.049494 nan
4184.800000 1.049459 nan
4185.600000 1.046678 nan
4186.400000 1.041068 nan
4187.200000 1.051291 nan
4188.000000 1.050441 nan
4188.800000 1.046748 nan
4189.600000 1.047989 nan
4190.400000 1.056768 nan
4191.200000 1.059782 nan
4192.000000 1.058162 nan
4192.800000 1.056541 nan
4193.600000 1.056752 nan
4194.400000 1.060122 nan
4195.200000 1.087207 nan
4196.000000 1.076479 nan
4196.800000 1.057054 nan
4197.600000 1.049852 nan
4198.400000 1.054982 nan
4199.200000 1.062601 nan
4200.000000 1.065063 nan
4200.800000 1.054907 nan
4201.600000 1.035933 nan
4202.400000 1.059184 nan
4203.200000 1.069908 nan
4204.000000 1.055566 nan
4204.800000 1.032834 nan
4205.600000 1.038238 nan
4206.400000 1.071590 nan
4207.200000 1.062565 nan
4208.000000 1.050990 nan
4208.800000 1.052401 nan
4209.600000 1.031231 nan
4210.400000 1.034397 nan
4211.200000 1.051346 nan
4212.000000 1.052379 nan
4212.800000 1.033904 nan
4213.600000 1.064149 nan
4214.400000 1.063015 nan
4215.200000 1.058350 nan
4216.000000 1.059887 nan
4216.800000 1.058310 nan
4217.600000 1.049568 nan
4218.400000 1.062617 nan
4219.200000 1.065571 nan
4220.000000 1.049643 nan
4220.800000 1.043781 nan
4221.600000 1.031837 nan
4222.400000 1.044547 nan
4223.200000 1.064011 nan
4224.000000 1.067094 nan
4224.800000 1.056981 nan
4225.600000 1.052791 nan
4226.400000 1.061326 nan
4227.200000 1.061822 nan
4228.000000 1.036025 nan
4228.800000 1.033109 nan
4229.600000 1.037010 nan
4230.400000 1.041373 nan
4231.200000 1.038043 nan
4232.000000 1.025890 nan
4232.800000 1.047177 nan
4233.600000 1.068200 nan
4234.400000 1.069805 nan
4235.200000 1.058847 nan
4236.000000 1.066588 nan
4236.800000 1.071610 nan
4237.600000 1.061316 nan
4238.400000 1.048934 nan
4239.200000 1.046719 nan
4240.000000 1.043025 nan
4240.800000 1.057933 nan
4241.600000 1.060698 nan
4242.400000 1.052188 nan
4243.200000 1.056117 nan
4244.000000 1.057897 nan
4244.800000 1.058074 nan
4245.600000 1.060310 nan
4246.400000 1.065470 nan
4247.200000 1.069885 nan
4248.000000 1.059072 nan
4248.800000 1.053052 nan
4249.600000 1.053805 nan
4250.400000 1.055463 nan
4251.200000 1.045884 nan
4252.000000 1.051066 nan
4252.800000 1.064012 nan
4253.600000 1.065747 nan
4254.400000 1.043775 nan
4255.200000 1.039166 nan
4256.000000 1.059460 nan
4256.800000 1.072838 nan
4257.600000 1.064223 nan
4258.400000 1.047784 nan
4259.200000 1.058228 nan
4260.000000 1.058880 nan
4260.800000 1.054470 nan
4261.600000 1.054391 nan
4262.400000 1.051597 nan
4263.200000 1.050696 nan
4264.000000 1.050989 nan
4264.800000 1.053730 nan
4265.600000 1.060753 nan
4266.400000 1.069965 nan
4267.200000 1.069617 nan
4268.000000 1.064295 nan
4268.800000 1.061696 nan
4269.600000 1.068893 nan
4270.400000 1.080879 nan
4271.200000 1.074333 nan
4272.000000 1.067203 nan
4272.800000 1.066337 nan
4273.600000 1.050821 nan
4274.400000 1.041518 nan
4275.200000 1.053876 nan
4276.000000 1.073148 nan
4276.800000 1.078494 nan
4277.600000 1.078444 nan
4278.400000 1.078507 nan
4279.200000 1.072725 nan
4280.000000 1.065218 nan
4280.800000 1.065116 nan
4281.600000 1.069208 nan
4282.400000 1.061246 nan
4283.200000 1.062003 nan
4284.000000 1.077593 nan
4284.800000 1.085841 nan
4285.600000 1.081859 nan
4286.400000 1.092792 nan
4287.200000 1.097849 nan
4288.000000 1.079504 nan
4288.800000 1.069259 nan
4289.600000 1.073266 nan
4290.400000 1.071669 nan
4291.200000 1.069825 nan
4292.000000 1.080585 nan
4292.800000 1.079515 nan
4293.600000 1.067317 nan
4294.400000 1.077788 nan
4295.200000 1.102899 nan
4296.000000 1.089331 nan
4296.800000 1.102103 nan
4297.600000 1.098167 nan
4298.400000 1.112133 nan
4299.200000 1.153263 nan
4300.000000 1.112975 nan
4300.800000 1.095508 nan
4301.600000 1.085424 nan
4302.400000 1.075024 nan
4303.200000 1.067093 nan
4304.000000 1.071582 nan
4304.800000 1.073275 nan
4305.600000 1.071740 nan
4306.400000 1.072005 nan
4307.200000 1.077950 nan
4308.000000 1.067685 nan
4308.800000 1.068717 nan
4309.600000 1.070536 nan
4310.400000 1.063288 nan
4311.200000 1.054315 nan
4312.000000 1.065196 nan
4312.800000 1.074483 nan
4313.600000 1.075775 nan
4314.400000 1.072139 nan
4315.200000 1.072502 nan
4316.000000 1.074065 nan
4316.800000 1.075079 nan
4317.600000 1.077635 nan
4318.400000 1.082744 nan
4319.200000 1.075183 nan
4320.000000 1.074636 nan
4320.800000 1.086642 nan
4321.600000 1.099241 nan
4322.400000 1.080453 nan
4323.200000 1.080013 nan
4324.000000 1.080802 nan
4324.800000 1.076975 nan
4325.600000 1.072511 nan
4326.400000 1.081699 nan
4327.200000 1.075164 nan
4328.000000 1.068053 nan
4328.800000 1.064470 nan
4329.600000 1.064071 nan
4330.400000 1.076511 nan
4331.200000 1.070042 nan
4332.000000 1.063734 nan
4332.800000 1.067170 nan
4333.600000 1.073310 nan
4334.400000 1.066381 nan
4335.200000 1.070166 nan
4336.000000 1.072939 nan
4336.800000 1.067040 nan
4337.600000 1.069285 nan
4338.400000 1.078591 nan
4339.200000 1.074857 nan
4340.000000 1.069454 nan
4340.800000 1.075513 nan
4341.600000 1.067302 nan
4342.400000 1.058282 nan
4343.200000 1.066778 nan
4344.000000 1.079015 nan
4344.800000 1.064671 nan
4345.600000 1.074186 nan
4346.400000 1.084761 nan
4347.200000 1.087284 nan
4348.000000 1.082730 nan
4348.800000 1.082194 nan
4349.600000 1.083791 nan
4350.400000 1.085317 nan
4351.200000 1.093979 nan
4352.000000 1.104394 nan
4352.800000 1.073250 nan
4353.600000 1.083461 nan
4354.400000 1.083950 nan
4355.200000 1.070407 nan
4356.000000 1.066354 nan
4356.800000 1.057747 nan
4357.600000 1.069931 nan
4358.400000 1.074410 nan
4359.200000 1.064369 nan
4360.000000 1.066150 nan
4360.800000 1.066971 nan
4361.600000 1.070795 nan
4362.400000 1.069832 nan
4363.200000 1.061706 nan
4364.000000 1.063711 nan
4364.800000 1.066843 nan
4365.600000 1.063174 nan
4366.400000 1.057373 nan
4367.200000 1.057360 nan
4368.000000 1.057820 nan
4368.800000 1.057931 nan
4369.600000 1.058669 nan
4370.400000 1.064303 nan
4371.200000 1.079306 nan
4372.000000 1.061616 nan
4372.800000 1.062862 nan
4373.600000 1.068692 nan
4374.400000 1.067587 nan
4375.200000 1.069129 nan
4376.000000 1.047029 nan
4376.800000 1.052006 nan
4377.600000 1.064267 nan
4378.400000 1.052545 nan
4379.200000 1.052769 nan
4380.000000 1.052032 nan
4380.800000 1.045999 nan
4381.600000 1.040630 nan
4382.400000 1.043947 nan
4383.200000 1.036820 nan
4384.000000 1.052255 nan
4384.800000 1.078142 nan
4385.600000 1.085879 nan
4386.400000 1.048602 nan
4387.200000 1.039103 nan
4388.000000 1.051402 nan
4388.800000 1.052927 nan
4389.600000 1.029169 nan
4390.400000 1.030318 nan
4391.200000 1.057943 nan
4392.000000 1.061824 nan
4392.800000 1.050286 nan
4393.600000 1.056124 nan
4394.400000 1.048365 nan
4395.200000 1.053586 nan
4396.000000 1.052330 nan
4396.800000 1.046765 nan
4397.600000 1.060707 nan
4398.400000 1.041003 nan
4399.200000 1.049884 nan
4400.000000 1.070498 nan
4400.800000 1.075319 nan
4401.600000 1.066279 nan
4402.400000 1.050249 nan
4403.200000 1.054520 nan
4404.000000 1.065325 nan
4404.800000 1.059895 nan
4405.600000 1.054492 nan
4406.400000 1.053134 nan
4407.200000 1.056353 nan
4408.000000 1.064788 nan
4408.800000 1.072642 nan
4409.600000 1.053836 nan
4410.400000 1.053862 nan
4411.200000 1.056049 nan
4412.000000 1.052680 nan
4412.800000 1.065317 nan
4413.600000 1.047108 nan
4414.400000 1.049625 nan
4415.200000 1.067533 nan
4416.000000 1.077056 nan
4416.800000 1.060082 nan
4417.600000 1.062482 nan
4418.400000 1.050551 nan
4419.200000 1.038752 nan
4420.000000 1.061839 nan
4420.800000 1.060613 nan
4421.600000 1.074343 nan
4422.400000 1.067897 nan
4423.200000 1.048785 nan
4424.000000 1.082092 nan
4424.800000 1.061432 nan
4425.600000 1.062815 nan
4426.400000 1.073326 nan
4427.200000 1.069992 nan
4428.000000 1.074458 nan
4428.800000 1.070126 nan
4429.600000 1.081473 nan
4430.400000 1.087832 nan
4431.200000 1.061963 nan
4432.000000 1.058937 nan
4432.800000 1.042533 nan
4433.600000 1.041688 nan
4434.400000 1.057689 nan
4435.200000 1.059592 nan
4436.000000 1.068658 nan
4436.800000 1.060984 nan
4437.600000 1.063024 nan
4438.400000 1.079895 nan
4439.200000 1.058263 nan
4440.000000 1.055282 nan
4440.800000 1.054980 nan
4441.600000 1.054745 nan
4442.400000 1.053796 nan
4443.200000 1.034788 nan
4444.000000 1.061934 nan
4444.800000 1.085861 nan
4445.600000 1.080898 nan
4446.400000 1.060945 nan
4447.200000 1.072606 nan
4448.000000 1.062582 nan
4448.800000 1.049803 nan
4449.600000 1.054382 nan
4450.400000 1.073041 nan
4451.200000 1.052323 nan
4452.000000 1.061460 nan
4452.800000 1.076032 nan
4453.600000 1.064918 nan
4454.400000 1.075337 nan
4455.200000 1.076763 nan
4456.000000 1.072762 nan
4456.800000 1.065475 nan
4457.600000 1.057540 nan
4458.400000 1.068766 nan
4459.200000 1.068133 nan
4460.000000 1.070040 nan
4460.800000 1.077144 nan
4461.600000 1.071024 nan
4462.400000 1.068397 nan
4463.200000 1.075780 nan
4464.000000 1.085142 nan
4464.800000 1.077295 nan
4465.600000 1.036962 nan
4466.400000 1.040630 nan
4467.200000 1.051893 nan
4468.000000 1.060957 nan
4468.800000 1.068781 nan
4469.600000 1.048669 nan
4470.400000 1.063791 nan
4471.200000 1.075292 nan
4472.000000 1.070653 nan
4472.800000 1.076842 nan
4473.600000 1.060697 nan
4474.400000 1.061954 nan
4475.200000 1.069290 nan
4476.000000 1.064599 nan
4476.800000 1.048173 nan
4477.600000 1.045642 nan
4478.400000 1.053376 nan
4479.200000 1.059661 nan
4480.000000 1.060396 nan
4480.800000 1.077658 nan
4481.600000 1.066057 nan
4482.400000 1.064363 nan
4483.200000 1.078174 nan
4484.000000 1.083588 nan
4484.800000 1.068197 nan
4485.600000 1.053858 nan
4486.400000 1.050118 nan
4487.200000 1.057230 nan
4488.000000 1.061577 nan
4488.800000 1.076591 nan
4489.600000 1.060405 nan
4490.400000 1.045981 nan
4491.200000 1.058744 nan
4492.000000 1.063704 nan
4492.800000 1.062875 nan
4493.600000 1.064591 nan
4494.400000 1.064707 nan
4495.200000 1.058270 nan
4496.000000 1.069284 nan
4496.800000 1.073216 nan
4497.600000 1.073214 nan
4498.400000 1.072187 nan
4499.200000 1.068499 nan
4500.000000 1.072537 nan
4500.800000 1.077590 nan
4501.600000 1.083275 nan
4502.400000 1.086056 nan
4503.200000 1.072870 nan
4504.000000 1.062460 nan
4504.800000 1.076278 nan
4505.600000 1.087114 nan
4506.400000 1.068538 nan
4507.200000 1.087110 nan
4508.000000 1.081986 nan
4508.800000 1.070500 nan
4509.600000 1.066607 nan
4510.400000 1.067251 nan
4511.200000 1.056871 nan
4512.000000 1.045724 nan
4512.800000 1.053339 nan
4513.600000 1.071224 nan
4514.400000 1.048853 nan
4515.200000 1.045971 nan
4516.000000 1.055936 nan
4516.800000 1.073226 nan
4517.600000 1.087362 nan
4518.400000 1.069469 nan
4519.200000 1.065884 nan
4520.000000 1.061581 nan
4520.800000 1.055810 nan
4521.600000 1.058570 nan
4522.400000 1.060079 nan
4523.200000 1.060768 nan
4524.000000 1.064560 nan
4524.800000 1.065475 nan
4525.600000 1.046517 nan
4526.400000 1.048876 nan
4527.200000 1.052593 nan
4528.000000 1.053301 nan
4528.800000 1.055896 nan
4529.600000 1.070898 nan
4530.400000 1.065066 nan
4531.200000 1.058963 nan
4532.000000 1.061196 nan
4532.800000 1.069243 nan
4533.600000 1.065468 nan
4534.400000 1.072167 nan
4535.200000 1.071721 nan
4536.000000 1.067650 nan
4536.800000 1.078958 nan
4537.600000 1.045626 nan
4538.400000 1.045073 nan
4539.200000 1.058513 nan
4540.000000 1.055566 nan
4540.800000 1.045157 nan
4541.600000 1.041466 nan
4542.400000 1.065722 nan
4543.200000 1.085851 nan
4544.000000 1.056477 nan
4544.800000 1.055136 nan
4545.600000 1.055085 nan
4546.400000 1.059908 nan
4547.200000 1.067230 nan
4548.000000 1.065436 nan
4548.800000 1.051794 nan
4549.600000 1.057536 nan
4550.400000 1.060781 nan
4551.200000 1.053703 nan
4552.000000 1.059697 nan
4552.800000 1.048268 nan
4553.600000 1.055006 nan
4554.400000 1.067205 nan
4555.200000 1.064229 nan
4556.000000 1.060305 nan
4556.800000 1.061308 nan
4557.600000 1.063138 nan
4558.400000 1.052913 nan
4559.200000 1.026186 nan
4560.000000 1.046956 nan
4560.800000 1.070901 nan
4561.600000 1.069731 nan
4562.400000 1.052726 nan
4563.200000 1.064688 nan
4564.000000 1.068593 nan
4564.800000 1.059077 nan
4565.600000 1.059807 nan
4566.400000 1.077324 nan
4567.200000 1.066522 nan
4568.000000 1.062264 nan
4568.800000 1.063634 nan
4569.600000 1.062669 nan
4570.400000 1.055791 nan
4571.200000 1.062616 nan
4572.000000 1.078349 nan
4572.800000 1.085046 nan
4573.600000 1.078305 nan
4574.400000 1.071239 nan
4575.200000 1.066325 nan
4576.000000 1.063905 nan
4576.800000 1.065205 nan
4577.600000 1.069493 nan
4578.400000 1.071015 nan
4579.200000 1.055909 nan
4580.000000 1.054770 nan
4580.800000 1.064320 nan
4581.600000 1.069973 nan
4582.400000 1.067138 nan
4583.200000 1.073701 nan
4584.000000 1.074692 nan
4584.800000 1.068313 nan
4585.600000 1.062263 nan
4586.400000 1.053484 nan
4587.200000 1.058755 nan
4588.000000 1.061892 nan
4588.800000 1.059025 nan
4589.600000 1.068551 nan
4590.400000 1.062457 nan
4591.200000 1.074245 nan
4592.000000 1.084162 nan
4592.800000 1.072347 nan
4593.600000 1.063867 nan
4594.400000 1.065450 nan
4595.200000 1.064822 nan
4596.000000 1.058974 nan
4596.800000 1.055706 nan
4597.600000 1.072967 nan
4598.400000 1.068902 nan
4599.200000 1.066524 nan
4600.000000 1.074047 nan
4600.800000 1.073577 nan
4601.600000 1.072975 nan
4602.400000 1.076077 nan
4603.200000 1.078623 nan
4604.000000 1.077290 nan
4604.800000 1.078930 nan
4605.600000 1.063480 nan
4606.400000 1.055536 nan
4607.200000 1.059917 nan
4608.000000 1.070492 nan
4608.800000 1.068280 nan
4609.600000 1.072926 nan
4610.400000 1.075753 nan
4611.200000 1.067149 nan
4612.000000 1.045312 nan
4612.800000 1.046264 nan
4613.600000 1.049714 nan
4614.400000 1.058914 nan
4615.200000 1.068050 nan
4616.000000 1.052148 nan
4616.800000 1.060323 nan
4617.600000 1.056201 nan
4618.400000 1.046774 nan
4619.200000 1.054844 nan
4620.000000 1.084905 nan
4620.800000 1.060542 nan
4621.600000 1.056564 nan
4622.400000 1.064561 nan
4623.200000 1.039090 nan
4624.000000 1.074661 nan
4624.800000 1.082968 nan
4625.600000 1.065134 nan
4626.400000 1.050194 nan
4627.200000 1.060581 nan
4628.000000 1.056637 nan
4628.800000 1.064365 nan
4629.600000 1.069723 nan
4630.400000 1.057527 nan
4631.200000 1.050837 nan
4632.000000 1.063863 nan
4632.800000 1.059757 nan
4633.600000 1.048914 nan
4634.400000 1.062539 nan
4635.200000 1.075703 nan
4636.000000 1.057148 nan
4636.800000 1.038091 nan
4637.600000 1.042183 nan
4638.400000 1.071477 nan
4639.200000 1.059087 nan
4640.000000 1.043208 nan
4640.800000 1.056483 nan
4641.600000 1.095087 nan
4642.400000 1.069533 nan
4643.200000 1.070622 nan
4644.000000 1.070230 nan
4644.800000 1.056972 nan
4645.600000 1.037258 nan
4646.400000 1.042918 nan
4647.200000 1.056720 nan
4648.000000 1.059613 nan
4648.800000 1.056097 nan
4649.600000 1.066928 nan
4650.400000 1.069335 nan
4651.200000 1.070177 nan
4652.000000 1.071301 nan
4652.800000 1.071838 nan
4653.600000 1.070822 nan
4654.400000 1.078318 nan
4655.200000 1.068100 nan
4656.000000 1.056217 nan
4656.800000 1.061752 nan
4657.600000 1.075614 nan
4658.400000 1.081112 nan
4659.200000 1.080988 nan
4660.000000 1.074432 nan
4660.800000 1.062381 nan
4661.600000 1.072805 nan
4662.400000 1.066994 nan
4663.200000 1.065677 nan
4664.000000 1.076722 nan
4664.800000 1.077895 nan
4665.600000 1.060076 nan
4666.400000 1.085706 nan
4667.200000 1.089195 nan
4668.000000 1.038244 nan
4668.800000 1.073932 nan
4669.600000 1.083513 nan
4670.400000 1.085588 nan
4671.200000 1.091054 nan
4672.000000 1.093186 nan
4672.800000 1.066395 nan
4673.600000 1.072203 nan
4674.400000 1.063836 nan
4675.200000 1.047065 nan
4676.000000 1.077403 nan
4676.800000 1.074590 nan
4677.600000 1.083366 nan
4678.400000 1.081267 nan
4679.200000 1.060337 nan
4680.000000 1.066584 nan
4680.800000 1.066409 nan
4681.600000 1.067036 nan
4682.400000 1.077396 nan
4683.200000 1.097508 nan
4684.000000 1.101828 nan
4684.800000 1.068698 nan
4685.600000 1.068200 nan
4686.400000 1.087919 nan
4687.200000 1.068630 nan
4688.000000 1.078423 nan
4688.800000 1.082835 nan
4689.600000 1.064935 nan
4690.400000 1.047490 nan
4691.200000 1.086048 nan
4692.000000 1.077286 nan
4692.800000 1.054407 nan
4693.600000 1.044841 nan
4694.400000 1.058179 nan
4695.200000 1.070215 nan
4696.000000 1.065451 nan
4696.800000 1.060432 nan
4697.600000 1.062187 nan
4698.400000 1.071310 nan
4699.200000 1.082663 nan
4700.000000 1.072460 nan
4700.800000 1.057922 nan
4701.600000 1.056572 nan
4702.400000 1.075959 nan
4703.200000 1.080368 nan
4704.000000 1.085793 nan
4704.800000 1.089204 nan
4705.600000 1.092224 nan
4706.400000 1.117482 nan
4707.200000 1.077101 nan
4708.000000 1.065211 nan
4708.800000 1.077315 nan
4709.600000 1.073515 nan
4710.400000 1.059298 nan
4711.200000 1.056305 nan
4712.000000 1.060736 nan
4712.800000 1.072646 nan
4713.600000 1.093109 nan
4714.400000 1.086650 nan
4715.200000 1.058756 nan
4716.000000 1.050008 nan
4716.800000 1.073884 nan
4717.600000 1.085073 nan
4718.400000 1.078623 nan
4719.200000 1.081210 nan
4720.000000 1.085044 nan
4720.800000 1.077416 nan
4721.600000 1.079070 nan
4722.400000 1.080176 nan
4723.200000 1.063417 nan
4724.000000 1.050974 nan
4724.800000 1.082301 nan
4725.600000 1.079852 nan
4726.400000 1.067280 nan
4727.200000 1.069133 nan
4728.000000 1.084445 nan
4728.800000 1.084638 nan
4729.600000 1.084047 nan
4730.400000 1.075693 nan
4731.200000 1.076963 nan
4732.000000 1.093198 nan
4732.800000 1.081875 nan
4733.600000 1.078935 nan
4734.400000 1.090823 nan
4735.200000 1.096521 nan
4736.000000 1.072636 nan
4736.800000 1.071383 nan
4737.600000 1.082065 nan
4738.400000 1.076050 nan
4739.200000 1.062487 nan
4740.000000 1.079211 nan
4740.800000 1.072726 nan
4741.600000 1.077451 nan
4742.400000 1.088163 nan
4743.200000 1.091827 nan
4744.000000 1.081855 nan
4744.800000 1.084509 nan
4745.600000 1.064826 nan
4746.400000 1.049969 nan
4747.200000 1.075679 nan
4748.000000 1.092483 nan
4748.800000 1.069812 nan
4749.600000 1.066757 nan
4750.400000 1.069635 nan
4751.200000 1.028299 nan
4752.000000 1.079115 nan
4752.800000 1.091303 nan
4753.600000 1.073035 nan
4754.400000 1.054420 nan
4755.200000 1.035860 nan
4756.000000 1.059322 nan
4756.800000 1.062231 nan
4757.600000 1.063167 nan
4758.400000 1.086062 nan
4759.200000 1.051125 nan
4760.000000 1.053941 nan
4760.800000 1.069479 nan
4761.600000 1.072487 nan
4762.400000 1.060271 nan
4763.200000 1.089325 nan
4764.000000 1.096849 nan
4764.800000 1.083695 nan
4765.600000 1.075844 nan
4766.400000 1.090600 nan
4767.200000 1.073326 nan
4768.000000 1.080962 nan
4768.800000 1.076218 nan
4769.600000 1.039066 nan
4770.400000 1.056810 nan
4771.200000 1.074867 nan
4772.000000 1.073092 nan
4772.800000 1.073467 nan
4773.600000 1.097808 nan
4774.400000 1.077096 nan
4775.200000 1.075405 nan
4776.000000 1.082107 nan
4776.800000 1.082478 nan
4777.600000 1.070619 nan
4778.400000 1.073452 nan
4779.200000 1.087453 nan
4780.000000 1.089591 nan
4780.800000 1.072835 nan
4781.600000 1.070850 nan
4782.400000 1.077234 nan
4783.200000 1.070398 nan
4784.000000 1.064872 nan
4784.800000 1.076536 nan
4785.600000 1.075710 nan
4786.400000 1.089733 nan
4787.200000 1.092369 nan
4788.000000 1.078681 nan
4788.800000 1.065314 nan
4789.600000 1.069865 nan
4790.400000 1.052588 nan
4791.200000 1.049708 nan
4792.000000 1.071116 nan
4792.800000 1.064920 nan
4793.600000 1.079363 nan
4794.400000 1.067817 nan
4795.200000 1.052800 nan
4796.000000 1.059358 nan
4796.800000 1.068004 nan
4797.600000 1.063984 nan
4798.400000 1.060545 nan
4799.200000 1.067866 nan
4800.000000 1.083565 nan
4800.800000 1.057132 nan
4801.600000 1.045109 nan
4802.400000 1.058518 nan
4803.200000 1.083670 nan
4804.000000 1.077792 nan
4804.800000 1.087718 nan
4805.600000 1.068694 nan
4806.400000 1.055762 nan
4807.200000 1.074245 nan
4808.000000 1.087279 nan
4808.800000 1.078443 nan
4809.600000 1.065810 nan
4810.400000 1.070457 nan
4811.200000 1.101207 nan
4812.000000 1.102538 nan
4812.800000 1.084347 nan
4813.600000 1.077198 nan
4814.400000 1.078775 nan
4815.200000 1.065936 nan
4816.000000 1.057712 nan
4816.800000 1.056056 nan
4817.600000 1.064664 nan
4818.400000 1.076567 nan
4819.200000 1.070864 nan
4820.000000 1.052517 nan
4820.800000 1.072227 nan
4821.600000 1.100720 nan
4822.400000 1.091202 nan
4823.200000 1.075342 nan
4824.000000 1.089669 nan
4824.800000 1.089414 nan
4825.600000 1.067495 nan
4826.400000 1.054691 nan
4827.200000 1.083853 nan
4828.000000 1.077942 nan
4828.800000 1.063516 nan
4829.600000 1.069090 nan
4830.400000 1.091140 nan
4831.200000 1.089140 nan
4832.000000 1.076621 nan
4832.800000 1.078425 nan
4833.600000 1.093363 nan
4834.400000 1.057549 nan
4835.200000 1.060170 nan
4836.000000 1.073663 nan
4836.800000 1.081809 nan
4837.600000 1.082450 nan
4838.400000 1.099831 nan
4839.200000 1.086117 nan
4840.000000 1.072103 nan
4840.800000 1.067838 nan
4841.600000 1.055053 nan
4842.400000 1.067092 nan
4843.200000 1.067134 nan
4844.000000 1.068596 nan
4844.800000 1.078817 nan
4845.600000 1.064099 nan
4846.400000 1.062451 nan
4847.200000 1.062055 nan
4848.000000 1.067029 nan
4848.800000 1.077462 nan
4849.600000 1.049083 nan
4850.400000 1.069104 nan
4851.200000 1.082404 nan
4852.000000 1.075980 nan
4852.800000 1.079759 nan
4853.600000 1.049248 nan
4854.400000 1.067352 nan
4855.200000 1.094153 nan
4856.000000 1.085843 nan
4856.800000 1.057254 nan
4857.600000 1.083941 nan
4858.400000 1.099070 nan
4859.200000 1.086213 nan
4860.000000 1.066828 nan
4860.800000 1.090964 nan
4861.600000 1.054793 nan
4862.400000 1.037745 nan
4863.200000 1.051854 nan
4864.000000 1.068015 nan
4864.800000 1.098503 nan
4865.600000 1.090817 nan
4866.400000 1.078799 nan
4867.200000 1.079211 nan
4868.000000 1.068185 nan
4868.800000 1.081925 nan
4869.600000 1.081508 nan
4870.400000 1.077535 nan
4871.200000 1.083325 nan
4872.000000 1.079700 nan
4872.800000 1.081507 nan
4873.600000 1.073377 nan
4874.400000 1.063519 nan
4875.200000 1.066261 nan
4876.000000 1.058593 nan
4876.800000 1.069673 nan
4877.600000 1.084386 nan
4878.400000 1.083561 nan
4879.200000 1.065330 nan
4880.000000 1.070950 nan
4880.800000 1.074556 nan
4881.600000 1.078966 nan
4882.400000 1.083869 nan
4883.200000 1.067760 nan
4884.000000 1.068620 nan
4884.800000 1.076185 nan
4885.600000 1.081603 nan
4886.400000 1.081361 nan
4887.200000 1.082491 nan
4888.000000 1.075841 nan
4888.800000 1.072712 nan
4889.600000 1.071454 nan
4890.400000 1.064309 nan
4891.200000 1.075501 nan
4892.000000 1.085601 nan
4892.800000 1.083161 nan
4893.600000 1.073420 nan
4894.400000 1.079873 nan
4895.200000 1.075919 nan
4896.000000 1.074879 nan
4896.800000 1.075440 nan
4897.600000 1.074657 nan
4898.400000 1.081951 nan
4899.200000 1.091280 nan
4900.000000 1.077217 nan
4900.800000 1.064178 nan
4901.600000 1.090474 nan
4902.400000 1.073604 nan
4903.200000 1.056651 nan
4904.000000 1.062908 nan
4904.800000 1.086648 nan
4905.600000 1.089672 nan
4906.400000 1.095995 nan
4907.200000 1.085584 nan
4908.000000 1.082107 nan
4908.800000 1.094627 nan
4909.600000 1.075153 nan
4910.400000 1.065800 nan
4911.200000 1.074279 nan
4912.000000 1.085902 nan
4912.800000 1.084075 nan
4913.600000 1.087320 nan
4914.400000 1.078158 nan
4915.200000 1.074402 nan
4916.000000 1.078904 nan
4916.800000 1.079696 nan
4917.600000 1.085682 nan
4918.400000 1.090832 nan
4919.200000 1.094933 nan
4920.000000 1.095863 nan
4920.800000 1.085157 nan
4921.600000 1.082018 nan
4922.400000 1.084609 nan
4923.200000 1.087825 nan
4924.000000 1.089743 nan
4924.800000 1.101432 nan
4925.600000 1.092866 nan
4926.400000 1.089090 nan
4927.200000 1.094285 nan
4928.000000 1.092138 nan
4928.800000 1.070816 nan
4929.600000 1.060909 nan
4930.400000 1.064936 nan
4931.200000 1.079120 nan
4932.000000 1.095711 nan
4932.800000 1.083827 nan
4933.600000 1.078420 nan
4934.400000 1.075621 nan
4935.200000 1.066478 nan
4936.000000 1.065550 nan
4936.800000 1.070296 nan
4937.600000 1.069839 nan
4938.400000 1.076770 nan
4939.200000 1.100550 nan
4940.000000 1.068678 nan
4940.800000 1.071056 nan
4941.600000 1.080289 nan
4942.400000 1.080615 nan
4943.200000 1.088529 nan
4944.000000 1.085330 nan
4944.800000 1.086554 nan
4945.600000 1.085823 nan
4946.400000 1.082248 nan
4947.200000 1.096926 nan
4948.000000 1.097219 nan
4948.800000 1.090982 nan
4949.600000 1.085381 nan
4950.400000 1.084238 nan
4951.200000 1.088499 nan
4952.000000 1.089763 nan
4952.800000 1.088983 nan
4953.600000 1.084219 nan
4954.400000 1.075083 nan
4955.200000 1.091808 nan
4956.000000 1.084795 nan
4956.800000 1.074170 nan
4957.600000 1.076659 nan
4958.400000 1.079059 nan
4959.200000 1.085284 nan
4960.000000 1.082437 nan
4960.800000 1.082547 nan
4961.600000 1.094097 nan
4962.400000 1.084078 nan
4963.200000 1.090836 nan
4964.000000 1.099061 nan
4964.800000 1.097094 nan
4965.600000 1.086651 nan
4966.400000 1.104596 nan
4967.200000 1.088143 nan
4968.000000 1.079063 nan
4968.800000 1.089238 nan
4969.600000 1.078343 nan
4970.400000 1.084951 nan
4971.200000 1.096529 nan
4972.000000 1.099491 nan
4972.800000 1.092093 nan
4973.600000 1.095046 nan
4974.400000 1.096043 nan
4975.200000 1.095559 nan
4976.000000 1.095877 nan
4976.800000 1.098589 nan
4977.600000 1.101132 nan
4978.400000 1.095975 nan
4979.200000 1.096470 nan
4980.000000 1.101442 nan
4980.800000 1.095302 nan
4981.600000 1.093925 nan
4982.400000 1.098233 nan
4983.200000 1.103336 nan
4984.000000 1.106515 nan
4984.800000 1.109484 nan
4985.600000 1.092066 nan
4986.400000 1.095985 nan
4987.200000 1.105145 nan
4988.000000 1.093941 nan
4988.800000 1.098845 nan
4989.600000 1.098117 nan
4990.400000 1.101768 nan
4991.200000 1.107821 nan
4992.000000 1.103450 nan
4992.800000 1.103633 nan
4993.600000 1.096961 nan
4994.400000 1.093637 nan
4995.200000 1.095843 nan
4996.000000 1.089349 nan
4996.800000 1.094824 nan
4997.600000 1.101853 nan
4998.400000 1.105640 nan
4999.200000 1.104200 nan
5000.000000 1.097156 nan
5000.800000 1.089261 nan
5001.600000 1.096522 nan
5002.400000 1.112314 nan
5003.200000 1.117024 nan
5004.000000 1.112367 nan
5004.800000 1.107381 nan
5005.600000 1.105243 nan
5006.400000 1.106649 nan
5007.200000 1.110684 nan
5008.000000 1.112881 nan
5008.800000 1.108714 nan
5009.600000 1.103265 nan
5010.400000 1.101704 nan
5011.200000 1.103885 nan
5012.000000 1.103655 nan
5012.800000 1.110061 nan
5013.600000 1.110521 nan
5014.400000 1.092291 nan
5015.200000 1.098488 nan
5016.000000 1.098798 nan
5016.800000 1.094017 nan
5017.600000 1.089731 nan
5018.400000 1.091433 nan
5019.200000 1.099878 nan
5020.000000 1.098929 nan
5020.800000 1.092658 nan
5021.600000 1.089697 nan
5022.400000 1.096512 nan
5023.200000 1.096545 nan
5024.000000 1.102749 nan
5024.800000 1.106718 nan
5025.600000 1.099481 nan
5026.400000 1.104682 nan
5027.200000 1.106427 nan
5028.000000 1.101917 nan
5028.800000 1.099606 nan
5029.600000 1.109172 nan
5030.400000 1.102549 nan
5031.200000 1.103987 nan
5032.000000 1.106685 nan
5032.800000 1.105182 nan
5033.600000 1.105230 nan
5034.400000 1.101625 nan
5035.200000 1.105240 nan
5036.000000 1.114714 nan
5036.800000 1.123523 nan
5037.600000 1.123376 nan
5038.400000 1.119015 nan
5039.200000 1.111077 nan
5040.000000 1.104759 nan
5040.800000 1.106075 nan
5041.600000 1.106940 nan
5042.400000 1.105633 nan
5043.200000 1.104359 nan
5044.000000 1.105553 nan
5044.800000 1.110188 nan
5045.600000 1.108941 nan
5046.400000 1.111337 nan
5047.200000 1.119228 nan
5048.000000 1.126801 nan
5048.800000 1.118968 nan
5049.600000 1.119740 nan
5050.400000 1.122799 nan
5051.200000 1.121722 nan
5052.000000 1.115198 nan
5052.800000 1.117484 nan
5053.600000 1.122726 nan
5054.400000 1.123678 nan
5055.200000 1.123603 nan
5056.000000 1.131856 nan
5056.800000 1.130796 nan
5057.600000 1.132541 nan
5058.400000 1.133287 nan
5059.200000 1.128841 nan
5060.000000 1.121747 nan
5060.800000 1.117365 nan
5061.600000 1.118558 nan
5062.400000 1.122991 nan
5063.200000 1.124937 nan
5064.000000 1.114597 nan
5064.800000 1.109806 nan
5065.600000 1.111791 nan
5066.400000 1.113315 nan
5067.200000 1.105081 nan
5068.000000 1.098625 nan
5068.800000 1.107184 nan
5069.600000 1.117475 nan
5070.400000 1.123137 nan
5071.200000 1.133327 nan
5072.000000 1.144801 nan
5072.800000 1.144463 nan
5073.600000 1.144847 nan
5074.400000 1.156292 nan
5075.200000 1.161683 nan
5076.000000 1.161512 nan
5076.800000 1.161491 nan
5077.600000 1.166816 nan
5078.400000 1.180262 nan
5079.200000 1.190169 nan
5080.000000 1.197672 nan
5080.800000 1.200506 nan
5081.600000 1.208009 nan
5082.400000 1.237093 nan
5083.200000 1.231126 nan
5084.000000 1.232070 nan
5084.800000 1.241338 nan
5085.600000 1.254884 nan
5086.400000 1.279287 nan
5087.200000 1.310153 nan
5088.000000 1.330768 nan
5088.800000 1.336265 nan
5089.600000 1.330680 nan
5090.400000 1.327539 nan
5091.200000 1.339830 nan
5092.000000 1.375763 nan
5092.800000 1.427531 nan
5093.600000 1.464810 nan
5094.400000 1.482959 nan
5095.200000 1.584138 nan
5096.000000 1.752701 nan
5096.800000 1.862726 nan
5097.600000 1.720330 nan
5098.400000 1.442864 nan
5099.200000 1.310698 nan
5100.000000 1.265653 nan
5100.800000 1.262673 nan
5101.600000 1.249419 nan
5102.400000 1.229035 nan
5103.200000 1.204474 nan
5104.000000 1.183907 nan
5104.800000 1.175075 nan
5105.600000 1.160333 nan
5106.400000 1.155352 nan
5107.200000 1.153182 nan
5108.000000 1.148797 nan
5108.800000 1.143876 nan
5109.600000 1.140887 nan
5110.400000 1.135335 nan
5111.200000 1.130925 nan
5112.000000 1.129785 nan
5112.800000 1.124926 nan
5113.600000 1.127785 nan
5114.400000 1.128916 nan
5115.200000 1.125884 nan
5116.000000 1.122195 nan
5116.800000 1.125293 nan
5117.600000 1.122408 nan
5118.400000 1.116564 nan
5119.200000 1.111412 nan
5120.000000 1.108586 nan
5120.800000 1.106287 nan
5121.600000 1.107310 nan
5122.400000 1.106490 nan
5123.200000 1.101143 nan
5124.000000 1.097620 nan
5124.800000 1.099736 nan
5125.600000 1.100473 nan
5126.400000 1.099929 nan
5127.200000 1.099358 nan
5128.000000 1.093045 nan
5128.800000 1.091496 nan
5129.600000 1.093746 nan
5130.400000 1.094481 nan
5131.200000 1.089025 nan
5132.000000 1.093015 nan
5132.800000 1.085881 nan
5133.600000 1.080821 nan
5134.400000 1.084747 nan
5135.200000 1.085351 nan
5136.000000 1.085985 nan
5136.800000 1.084485 nan
5137.600000 1.081609 nan
5138.400000 1.079748 nan
5139.200000 1.082098 nan
5140.000000 1.081314 nan
5140.800000 1.080476 nan
5141.600000 1.080999 nan
5142.400000 1.082142 nan
5143.200000 1.081073 nan
5144.000000 1.079207 nan
5144.800000 1.078751 nan
5145.600000 1.078914 nan
5146.400000 1.076161 nan
5147.200000 1.076773 nan
5148.000000 1.076023 nan
5148.800000 1.074988 nan
5149.600000 1.075676 nan
5150.400000 1.077721 nan
5151.200000 1.079834 nan
5152.000000 1.083099 nan
5152.800000 1.085472 nan
5153.600000 1.084600 nan
5154.400000 1.085048 nan
5155.200000 1.089679 nan
5156.000000 1.092687 nan
5156.800000 1.091943 nan
5157.600000 1.089940 nan
5158.400000 1.090648 nan
5159.200000 1.090882 nan
5160.000000 1.090214 nan
5160.800000 1.089168 nan
5161.600000 1.089068 nan
5162.400000 1.093575 nan
5163.200000 1.092807 nan
5164.000000 1.089865 nan
5164.800000 1.090097 nan
5165.600000 1.088241 nan
5166.400000 1.088402 nan
5167.200000 1.091613 nan
5168.000000 1.094516 nan
5168.800000 1.091752 nan
5169.600000 1.088088 nan
5170.400000 1.089164 nan
5171.200000 1.090016 nan
5172.000000 1.088972 nan
5172.800000 1.090799 nan
5173.600000 1.090449 nan
5174.400000 1.089899 nan
5175.200000 1.092025 nan
5176.000000 1.096801 nan
5176.800000 1.096156 nan
5177.600000 1.095354 nan
5178.400000 1.092706 nan
5179.200000 1.091340 nan
5180.000000 1.095385 nan
5180.800000 1.095916 nan
5181.600000 1.097796 nan
5182.400000 1.098158 nan
5183.200000 1.097448 nan
5184.000000 1.100294 nan
5184.800000 1.100108 nan
5185.600000 1.098249 nan
5186.400000 1.097013 nan
5187.200000 1.096849 nan
5188.000000 1.094802 nan
5188.800000 1.096187 nan
5189.600000 1.092730 nan
5190.400000 1.088967 nan
5191.200000 1.092877 nan
5192.000000 1.098217 nan
5192.800000 1.098588 nan
5193.600000 1.096308 nan
5194.400000 1.094484 nan
5195.200000 1.094842 nan
5196.000000 1.090820 nan
5196.800000 1.087916 nan
5197.600000 1.086529 nan
5198.400000 1.085454 nan
5199.200000 1.082918 nan
5200.000000 1.078580 nan
5200.800000 1.079629 nan
5201.600000 1.082310 nan
5202.400000 1.081666 nan
5203.200000 1.082668 nan
5204.000000 1.082206 nan
5204.800000 1.082003 nan
5205.600000 1.082366 nan
5206.400000 1.081420 nan
5207.200000 1.074760 nan
5208.000000 1.074314 nan
5208.800000 1.073357 nan
5209.600000 1.069906 nan
5210.400000 1.071289 nan
5211.200000 1.069445 nan
5212.000000 1.067638 nan
5212.800000 1.067262 nan
5213.600000 1.066686 nan
5214.400000 1.059832 nan
5215.200000 1.056558 nan
5216.000000 1.054357 nan
5216.800000 1.050511 nan
5217.600000 1.044816 nan
5218.400000 1.045419 nan
5219.200000 1.042778 nan
5220.000000 1.041666 nan
5220.800000 1.042416 nan
5221.600000 1.039236 nan
5222.400000 1.037362 nan
5223.200000 1.036199 nan
5224.000000 1.033764 nan
5224.800000 1.030628 nan
5225.600000 1.031734 nan
5226.400000 1.024523 nan
5227.200000 1.022181 nan
5228.000000 1.024602 nan
5228.800000 1.026033 nan
5229.600000 1.025715 nan
5230.400000 1.024408 nan
5231.200000 1.022151 nan
5232.000000 1.022627 nan
5232.800000 1.029700 nan
5233.600000 1.025334 nan
5234.400000 1.027625 nan
5235.200000 1.028701 nan
5236.000000 1.024392 nan
5236.800000 1.025149 nan
5237.600000 1.028277 nan
5238.400000 1.027762 nan
5239.200000 1.024528 nan
5240.000000 1.022199 nan
5240.800000 1.024929 nan
5241.600000 1.028188 nan
5242.400000 1.026723 nan
5243.200000 1.023799 nan
5244.000000 1.026330 nan
5244.800000 1.029338 nan
5245.600000 1.021224 nan
5246.400000 1.021129 nan
5247.200000 1.030299 nan
5248.000000 1.026008 nan
5248.800000 1.029472 nan
5249.600000 1.029337 nan
5250.400000 1.030247 nan
5251.200000 1.036194 nan
5252.000000 1.037241 nan
5252.800000 1.037752 nan
5253.600000 1.037266 nan
5254.400000 1.036606 nan
5255.200000 1.037065 nan
5256.000000 1.037568 nan
5256.800000 1.039167 nan
5257.600000 1.040927 nan
5258.400000 1.042462 nan
5259.200000 1.043615 nan
5260.000000 1.040481 nan
5260.800000 1.042654 nan
5261.600000 1.044345 nan
5262.400000 1.041549 nan
5263.200000 1.040314 nan
5264.000000 1.034688 nan
5264.800000 1.042110 nan
5265.600000 1.048977 nan
5266.400000 1.041123 nan
5267.200000 1.039861 nan
5268.000000 1.041934 nan
5268.800000 1.043943 nan
5269.600000 1.046649 nan
5270.400000 1.051929 nan
5271.200000 1.051259 nan
5272.000000 1.047869 nan
5272.800000 1.047407 nan
5273.600000 1.049099 nan
5274.400000 1.045714 nan
5275.200000 1.048899 nan
5276.000000 1.050929 nan
5276.800000 1.052625 nan
5277.600000 1.056153 nan
5278.400000 1.058151 nan
5279.200000 1.060480 nan
5280.000000 1.059038 nan
5280.800000 1.062875 nan
5281.600000 1.079976 nan
5282.400000 1.065343 nan
5283.200000 1.057291 nan
5284.000000 1.059280 nan
5284.800000 1.065924 nan
5285.600000 1.065900 nan
5286.400000 1.056186 nan
5287.200000 1.062071 nan
5288.000000 1.068825 nan
5288.800000 1.064534 nan
5289.600000 1.066630 nan
5290.400000 1.062792 nan
5291.200000 1.063411 nan
5292.000000 1.067735 nan
5292.800000 1.067961 nan
5293.600000 1.057104 nan
5294.400000 1.068767 nan
5295.200000 1.075280 nan
5296.000000 1.067647 nan
5296.800000 1.061565 nan
5297.600000 1.064327 nan
5298.400000 1.065266 nan
5299.200000 1.068376 nan
5300.000000 1.075389 nan
5300.800000 1.078464 nan
5301.600000 1.078347 nan
5302.400000 1.077899 nan
5303.200000 1.074508 nan
5304.000000 1.067930 nan
5304.800000 1.070746 nan
5305.600000 1.073156 nan
5306.400000 1.066831 nan
5307.200000 1.060054 nan
5308.000000 1.067569 nan
5308.800000 1.070998 nan
5309.600000 1.067372 nan
5310.400000 1.064441 nan
5311.200000 1.066883 nan
5312.000000 1.070099 nan
5312.800000 1.050240 nan
5313.600000 1.049791 nan
5314.400000 1.057068 nan
5315.200000 1.054926 nan
5316.000000 1.057359 nan
5316.800000 1.056921 nan
5317.600000 1.059660 nan
5318.400000 1.063003 nan
5319.200000 1.060767 nan
5320.000000 1.057974 nan
5320.800000 1.061479 nan
5321.600000 1.065664 nan
5322.400000 1.063821 nan
5323.200000 1.053167 nan
5324.000000 1.054924 nan
5324.800000 1.050772 nan
5325.600000 1.048191 nan
5326.400000 1.052724 nan
5327.200000 1.051050 nan
5328.000000 1.044235 nan
5328.800000 1.041810 nan
5329.600000 1.046242 nan
5330.400000 1.052533 nan
5331.200000 1.042409 nan
5332.000000 1.038190 nan
5332.800000 1.037349 nan
5333.600000 1.038175 nan
5334.400000 1.042322 nan
5335.200000 1.042698 nan
5336.000000 1.038335 nan
5336.800000 1.031598 nan
5337.600000 1.028296 nan
5338.400000 1.036341 nan
5339.200000 1.034540 nan
5340.000000 1.032466 nan
5340.800000 1.035574 nan
5341.600000 1.040875 nan
5342.400000 1.029693 nan
5343.200000 1.029310 nan
5344.000000 1.029985 nan
5344.800000 1.029590 nan
5345.600000 1.033296 nan
5346.400000 1.038764 nan
5347.200000 1.032255 nan
5348.000000 1.029174 nan
5348.800000 1.035041 nan
5349.600000 1.033463 nan
5350.400000 1.025190 nan
5351.200000 1.026209 nan
5352.000000 1.027421 nan
5352.800000 1.024591 nan
5353.600000 1.039190 nan
5354.400000 1.035975 nan
5355.200000 1.024707 nan
5356.000000 1.020353 nan
5356.800000 1.031449 nan
5357.600000 1.035758 nan
5358.400000 1.035798 nan
5359.200000 1.032804 nan
5360.000000 1.028887 nan
5360.800000 1.028340 nan
5361.600000 1.034076 nan
5362.400000 1.033557 nan
5363.200000 1.028175 nan
5364.000000 1.030510 nan
5364.800000 1.062484 nan
5365.600000 1.044079 nan
5366.400000 1.027925 nan
5367.200000 1.028732 nan
5368.000000 1.037134 nan
5368.800000 1.024018 nan
5369.600000 1.035259 nan
5370.400000 1.038995 nan
5371.200000 1.031953 nan
5372.000000 1.037036 nan
5372.800000 1.053278 nan
5373.600000 1.048893 nan
5374.400000 1.037542 nan
5375.200000 1.033289 nan
5376.000000 1.039451 nan
5376.800000 1.039662 nan
5377.600000 1.041724 nan
5378.400000 1.042112 nan
5379.200000 1.037790 nan
5380.000000 1.040617 nan
5380.800000 1.048368 nan
5381.600000 1.048477 nan
5382.400000 1.041697 nan
5383.200000 1.037327 nan
5384.000000 1.036668 nan
5384.800000 1.036072 nan
5385.600000 1.038662 nan
5386.400000 1.042037 nan
5387.200000 1.038532 nan
5388.000000 1.051401 nan
5388.800000 1.047498 nan
5389.600000 1.042029 nan
5390.400000 1.048361 nan
5391.200000 1.045098 nan
5392.000000 1.038682 nan
5392.800000 1.037673 nan
5393.600000 1.044562 nan
5394.400000 1.055483 nan
5395.200000 1.051473 nan
5396.000000 1.039934 nan
5396.800000 1.040799 nan
5397.600000 1.046709 nan
5398.400000 1.034080 nan
5399.200000 1.049230 nan
5400.000000 1.054309 nan
5400.800000 1.053859 nan
5401.600000 1.053781 nan
5402.400000 1.044627 nan
5403.200000 1.053730 nan
5404.000000 1.045134 nan
5404.800000 1.040411 nan
5405.600000 1.062027 nan
5406.400000 1.052312 nan
5407.200000 1.045046 nan
5408.000000 1.048918 nan
5408.800000 1.053289 nan
5409.600000 1.043020 nan
5410.400000 1.049931 nan
5411.200000 1.050290 nan
5412.000000 1.047546 nan
5412.800000 1.049494 nan
5413.600000 1.059699 nan
5414.400000 1.052662 nan
5415.200000 1.049895 nan
5416.000000 1.048587 nan
5416.800000 1.044451 nan
5417.600000 1.050268 nan
5418.400000 1.044563 nan
5419.200000 1.047325 nan
5420.000000 1.057036 nan
5420.800000 1.058785 nan
5421.600000 1.048320 nan
5422.400000 1.048932 nan
5423.200000 1.047667 nan
5424.000000 1.045386 nan
5424.800000 1.056552 nan
5425.600000 1.043298 nan
5426.400000 1.046993 nan
5427.200000 1.054465 nan
5428.000000 1.052361 nan
5428.800000 1.055683 nan
5429.600000 1.054981 nan
5430.400000 1.055047 nan
5431.200000 1.056346 nan
5432.000000 1.055329 nan
5432.800000 1.046379 nan
5433.600000 1.054613 nan
5434.400000 1.064504 nan
5435.200000 1.066769 nan
5436.000000 1.063538 nan
5436.800000 1.057979 nan
5437.600000 1.059815 nan
5438.400000 1.064605 nan
5439.200000 1.067458 nan
5440.000000 1.066171 nan
5440.800000 1.059867 nan
5441.600000 1.057350 nan
5442.400000 1.058146 nan
5443.200000 1.059316 nan
5444.000000 1.060753 nan
5444.800000 1.057280 nan
5445.600000 1.061364 nan
5446.400000 1.070053 nan
5447.200000 1.071851 nan
5448.000000 1.073328 nan
5448.800000 1.066927 nan
5449.600000 1.062603 nan
5450.400000 1.064369 nan
5451.200000 1.065507 nan
5452.000000 1.067445 nan
5452.800000 1.070290 nan
5453.600000 1.070213 nan
5454.400000 1.068087 nan
5455.200000 1.077584 nan
5456.000000 1.080230 nan
5456.800000 1.074688 nan
5457.600000 1.074243 nan
5458.400000 1.089003 nan
5459.200000 1.079997 nan
5460.000000 1.075226 nan
5460.800000 1.076462 nan
5461.600000 1.078881 nan
5462.400000 1.075757 nan
5463.200000 1.070839 nan
5464.000000 1.071504 nan
5464.800000 1.073237 nan
5465.600000 1.073967 nan
5466.400000 1.080171 nan
5467.200000 1.077210 nan
5468.000000 1.075247 nan
5468.800000 1.075951 nan
5469.600000 1.077153 nan
5470.400000 1.078209 nan
5471.200000 1.072504 nan
5472.000000 1.074009 nan
5472.800000 1.080063 nan
5473.600000 1.075867 nan
5474.400000 1.072087 nan
5475.200000 1.075976 nan
5476.000000 1.078683 nan
5476.800000 1.076787 nan
5477.600000 1.079156 nan
5478.400000 1.077651 nan
5479.200000 1.069769 nan
5480.000000 1.066158 nan
5480.800000 1.071443 nan
5481.600000 1.064400 nan
5482.400000 1.067073 nan
5483.200000 1.066770 nan
5484.000000 1.063022 nan
5484.800000 1.063969 nan
5485.600000 1.065855 nan
5486.400000 1.065815 nan
5487.200000 1.063246 nan
5488.000000 1.061195 nan
5488.800000 1.064089 nan
5489.600000 1.053560 nan
5490.400000 1.059379 nan
5491.200000 1.064541 nan
5492.000000 1.055867 nan
5492.800000 1.058461 nan
5493.600000 1.056736 nan
5494.400000 1.054536 nan
5495.200000 1.055931 nan
5496.000000 1.060127 nan
5496.800000 1.051011 nan
5497.600000 1.041485 nan
5498.400000 1.039725 nan
5499.200000 1.046480 nan
5500.000000 1.054149 nan
5500.800000 1.050050 nan
5501.600000 1.056679 nan
5502.400000 1.056481 nan
5503.200000 1.043189 nan
5504.000000 1.045851 nan
5504.800000 1.032469 nan
5505.600000 1.024870 nan
5506.400000 1.027403 nan
5507.200000 1.036343 nan
5508.000000 1.049806 nan
5508.800000 1.028189 nan
5509.600000 1.019543 nan
5510.400000 1.030304 nan
5511.200000 1.035701 nan
5512.000000 1.036232 nan
5512.800000 1.030993 nan
5513.600000 1.028495 nan
5514.400000 1.033209 nan
5515.200000 1.040123 nan
5516.000000 1.033842 nan
5516.800000 1.031970 nan
5517.600000 1.035503 nan
5518.400000 1.036968 nan
5519.200000 1.025103 nan
5520.000000 1.024610 nan
5520.800000 1.026522 nan
5521.600000 1.024342 nan
5522.400000 1.019957 nan
5523.200000 1.036185 nan
5524.000000 1.035008 nan
5524.800000 1.031831 nan
5525.600000 1.034239 nan
5526.400000 1.031593 nan
5527.200000 1.022587 nan
5528.000000 1.028012 nan
5528.800000 1.031851 nan
5529.600000 1.022818 nan
5530.400000 1.021219 nan
5531.200000 1.030830 nan
5532.000000 1.028285 nan
5532.800000 1.023773 nan
5533.600000 1.034032 nan
5534.400000 1.031346 nan
5535.200000 1.025658 nan
5536.000000 1.025564 nan
5536.800000 1.028517 nan
5537.600000 1.025861 nan
5538.400000 1.030819 nan
5539.200000 1.029209 nan
5540.000000 1.021352 nan
5540.800000 1.016838 nan
5541.600000 1.031159 nan
5542.400000 1.026781 nan
5543.200000 1.029896 nan
5544.000000 1.033234 nan
5544.800000 1.023226 nan
5545.600000 1.014656 nan
5546.400000 1.016921 nan
5547.200000 1.026163 nan
5548.000000 1.031782 nan
5548.800000 1.024275 nan
5549.600000 1.024614 nan
5550.400000 1.021578 nan
5551.200000 1.025762 nan
5552.000000 1.033760 nan
5552.800000 1.022668 nan
5553.600000 1.027867 nan
5554.400000 1.027766 nan
5555.200000 1.021849 nan
5556.000000 1.019168 nan
5556.800000 1.030523 nan
5557.600000 1.027238 nan
5558.400000 1.020907 nan
5559.200000 1.018503 nan
5560.000000 1.021431 nan
5560.800000 1.024910 nan
5561.600000 1.024383 nan
5562.400000 1.026889 nan
5563.200000 1.028934 nan
5564.000000 1.018176 nan
5564.800000 1.014935 nan
5565.600000 1.030200 nan
5566.400000 1.035366 nan
5567.200000 1.021932 nan
5568.000000 1.035686 nan
5568.800000 1.029322 nan
5569.600000 1.033655 nan
5570.400000 1.039609 nan
5571.200000 1.029227 nan
5572.000000 1.026475 nan
5572.800000 1.018392 nan
5573.600000 1.022399 nan
5574.400000 1.031351 nan
5575.200000 1.021049 nan
5576.000000 1.020418 nan
5576.800000 1.031517 nan
5577.600000 1.035113 nan
5578.400000 1.028628 nan
5579.200000 1.038608 nan
5580.000000 1.043530 nan
5580.800000 1.041468 nan
5581.600000 1.038079 nan
5582.400000 1.037791 nan
5583.200000 1.036959 nan
5584.000000 1.041384 nan
5584.800000 1.043174 nan
5585.600000 1.038955 nan
5586.400000 1.032040 nan
5587.200000 1.039035 nan
5588.000000 1.023738 nan
5588.800000 1.020227 nan
5589.600000 1.039886 nan
5590.400000 1.050555 nan
5591.200000 1.040912 nan
5592.000000 1.035374 nan
5592.800000 1.040483 nan
5593.600000 1.050934 nan
5594.400000 1.047278 nan
5595.200000 1.049585 nan
5596.000000 1.052112 nan
5596.800000 1.051820 nan
5597.600000 1.049824 nan
5598.400000 1.053170 nan
5599.200000 1.052764 nan
5600.000000 1.049124 nan
5600.800000 1.039935 nan
5601.600000 1.024293 nan
5602.400000 1.035893 nan
5603.200000 1.044170 nan
5604.000000 1.039700 nan
5604.800000 1.029356 nan
5605.600000 1.035799 nan
5606.400000 1.031175 nan
5607.200000 1.036201 nan
5608.000000 1.041432 nan
5608.800000 1.033948 nan
5609.600000 1.038963 nan
5610.400000 1.050276 nan
5611.200000 1.043084 nan
5612.000000 1.031984 nan
5612.800000 1.046859 nan
5613.600000 1.034016 nan
5614.400000 1.024099 nan
5615.200000 1.029776 nan
5616.000000 1.041482 nan
5616.800000 1.028678 nan
5617.600000 1.030447 nan
5618.400000 1.033602 nan
5619.200000 1.035147 nan
5620.000000 1.037401 nan
5620.800000 1.040477 nan
5621.600000 1.025849 nan
5622.400000 1.020594 nan
5623.200000 1.026591 nan
5624.000000 1.032106 nan
5624.800000 1.037159 nan
5625.600000 1.037640 nan
5626.400000 1.032172 nan
5627.200000 1.028899 nan
5628.000000 1.039824 nan
5628.800000 1.017347 nan
5629.600000 1.014023 nan
5630.400000 1.017782 nan
5631.200000 1.011789 nan
5632.000000 1.010792 nan
5632.800000 1.017867 nan
5633.600000 1.035190 nan
5634.400000 1.053857 nan
5635.200000 1.056470 nan
5636.000000 1.023443 nan
5636.800000 1.027363 nan
5637.600000 1.033261 nan
5638.400000 1.023817 nan
5639.200000 1.015327 nan
5640.000000 1.024220 nan
5640.800000 1.021087 nan
5641.600000 1.015968 nan
5642.400000 1.018229 nan
5643.200000 1.020672 nan
5644.000000 1.017645 nan
5644.800000 1.015949 nan
5645.600000 1.014716 nan
5646.400000 1.014275 nan
5647.200000 1.026007 nan
5648.000000 1.018609 nan
5648.800000 1.012767 nan
5649.600000 1.015720 nan
5650.400000 1.019984 nan
5651.200000 1.017436 nan
5652.000000 1.013350 nan
5652.800000 1.016069 nan
5653.600000 1.018363 nan
5654.400000 0.999097 nan
5655.200000 1.018714 nan
5656.000000 1.028996 nan
5656.800000 1.027636 nan
5657.600000 1.023975 nan
5658.400000 1.016016 nan
5659.200000 1.023293 nan
5660.000000 1.018402 nan
5660.800000 1.015281 nan
5661.600000 1.037480 nan
5662.400000 1.023826 nan
5663.200000 1.018019 nan
5664.000000 1.019666 nan
5664.800000 1.025074 nan
5665.600000 1.032682 nan
5666.400000 1.025298 nan
5667.200000 1.034965 nan
5668.000000 1.031730 nan
5668.800000 1.005308 nan
5669.600000 1.013535 nan
5670.400000 1.010479 nan
5671.200000 1.014854 nan
5672.000000 1.018277 nan
5672.800000 1.009341 nan
5673.600000 1.022317 nan
5674.400000 1.025571 nan
5675.200000 1.022042 nan
5676.000000 1.017291 nan
5676.800000 1.015863 nan
5677.600000 1.023892 nan
5678.400000 1.036240 nan
5679.200000 1.033210 nan
5680.000000 1.017348 nan
5680.800000 1.025557 nan
5681.600000 1.020705 nan
5682.400000 1.016140 nan
5683.200000 1.020118 nan
5684.000000 1.030505 nan
5684.800000 1.026557 nan
5685.600000 1.012593 nan
5686.400000 1.013748 nan
5687.200000 1.025513 nan
5688.000000 1.025761 nan
5688.800000 1.025916 nan
5689.600000 1.036337 nan
5690.400000 1.049233 nan
5691.200000 1.045885 nan
5692.000000 1.013328 nan
5692.800000 1.020895 nan
5693.600000 1.028206 nan
5694.400000 1.028109 nan
5695.200000 1.024597 nan
5696.000000 1.020266 nan
5696.800000 1.035615 nan
5697.600000 1.041172 nan
5698.400000 1.035308 nan
5699.200000 1.032162 nan
5700.000000 1.033058 nan
5700.800000 1.021765 nan
5701.600000 1.025516 nan
5702.400000 1.039824 nan
5703.200000 1.031822 nan
5704.000000 1.054531 nan
5704.800000 1.042584 nan
5705.600000 1.031618 nan
5706.400000 1.044529 nan
5707.200000 1.036052 nan
5708.000000 1.029429 nan
5708.800000 1.026567 nan
5709.600000 1.030562 nan
5710.400000 1.040997 nan
5711.200000 1.038697 nan
5712.000000 1.037000 nan
5712.800000 1.038412 nan
5713.600000 1.035689 nan
5714.400000 1.021824 nan
5715.200000 1.033379 nan
5716.000000 1.042852 nan
5716.800000 1.051336 nan
5717.600000 1.054992 nan
5718.400000 1.038423 nan
5719.200000 1.044457 nan
5720.000000 1.042475 nan
5720.800000 1.037944 nan
5721.600000 1.042585 nan
5722.400000 1.044445 nan
5723.200000 1.034930 nan
5724.000000 1.033911 nan
5724.800000 1.042716 nan
5725.600000 1.049190 nan
5726.400000 1.042495 nan
5727.200000 1.039600 nan
5728.000000 1.046581 nan
5728.800000 1.053813 nan
5729.600000 1.041185 nan
5730.400000 1.051581 nan
5731.200000 1.050399 nan
5732.000000 1.043450 nan
5732.800000 1.044036 nan
5733.600000 1.050805 nan
5734.400000 1.042857 nan
5735.200000 1.039722 nan
5736.000000 1.042830 nan
5736.800000 1.045232 nan
5737.600000 1.047525 nan
5738.400000 1.045022 nan
5739.200000 1.035862 nan
5740.000000 1.028470 nan
5740.800000 1.037907 nan
5741.600000 1.044682 nan
5742.400000 1.043317 nan
5743.200000 1.042725 nan
5744.000000 1.048075 nan
5744.800000 1.052956 nan
5745.600000 1.049876 nan
5746.400000 1.045577 nan
5747.200000 1.039685 nan
5748.000000 1.033726 nan
5748.800000 1.047110 nan
5749.600000 1.047135 nan
5750.400000 1.049274 nan
5751.200000 1.052640 nan
5752.000000 1.045854 nan
5752.800000 1.049658 nan
5753.600000 1.047355 nan
5754.400000 1.046209 nan
5755.200000 1.049215 nan
5756.000000 1.048452 nan
5756.800000 1.055847 nan
5757.600000 1.043149 nan
5758.400000 1.036296 nan
5759.200000 1.052676 nan
5760.000000 1.047311 nan
5760.800000 1.047351 nan
5761.600000 1.047827 nan
5762.400000 1.059293 nan
5763.200000 1.087136 nan
5764.000000 1.057229 nan
5764.800000 1.052510 nan
5765.600000 1.054891 nan
5766.400000 1.050783 nan
5767.200000 1.048184 nan
5768.000000 1.057281 nan
5768.800000 1.048691 nan
5769.600000 1.036845 nan
5770.400000 1.037477 nan
5771.200000 1.043820 nan
5772.000000 1.048765 nan
5772.800000 1.037799 nan
5773.600000 1.031355 nan
5774.400000 1.048857 nan
5775.200000 1.049142 nan
5776.000000 1.045412 nan
5776.800000 1.044080 nan
5777.600000 1.042728 nan
5778.400000 1.037022 nan
5779.200000 1.049111 nan
5780.000000 1.049458 nan
5780.800000 1.038864 nan
5781.600000 1.027907 nan
5782.400000 1.031425 nan
5783.200000 1.062565 nan
5784.000000 1.055816 nan
5784.800000 1.035096 nan
5785.600000 1.037984 nan
5786.400000 1.048077 nan
5787.200000 1.046134 nan
5788.000000 1.042573 nan
5788.800000 1.042410 nan
5789.600000 1.043146 nan
5790.400000 1.031657 nan
5791.200000 1.043892 nan
5792.000000 1.049472 nan
5792.800000 1.041478 nan
5793.600000 1.053087 nan
5794.400000 1.043175 nan
5795.200000 1.040946 nan
5796.000000 1.045663 nan
5796.800000 1.044618 nan
5797.600000 1.025434 nan
5798.400000 1.033503 nan
5799.200000 1.041900 nan
5800.000000 1.042518 nan
5800.800000 1.042402 nan
5801.600000 1.048043 nan
5802.400000 1.042372 nan
5803.200000 1.040372 nan
5804.000000 1.046363 nan
5804.800000 1.049064 nan
5805.600000 1.047895 nan
5806.400000 1.047199 nan
5807.200000 1.045024 nan
5808.000000 1.040819 nan
5808.800000 1.039581 nan
5809.600000 1.037427 nan
5810.400000 1.041799 nan
5811.200000 1.047436 nan
5812.000000 1.047514 nan
5812.800000 1.050277 nan
5813.600000 1.051403 nan
5814.400000 1.042685 nan
5815.200000 1.036016 nan
5816.000000 1.051192 nan
5816.800000 1.051851 nan
5817.600000 1.042840 nan
5818.400000 1.042398 nan
5819.200000 1.051886 nan
5820.000000 1.047300 nan
5820.800000 1.046470 nan
5821.600000 1.048446 nan
5822.400000 1.049476 nan
5823.200000 1.046227 nan
5824.000000 1.039503 nan
5824.800000 1.041813 nan
5825.600000 1.042316 nan
5826.400000 1.040544 nan
5827.200000 1.042697 nan
5828.000000 1.044583 nan
5828.800000 1.042088 nan
5829.600000 1.042808 nan
5830.400000 1.048363 nan
5831.200000 1.050481 nan
5832.000000 1.045954 nan
5832.800000 1.045208 nan
5833.600000 1.047902 nan
5834.400000 1.050695 nan
5835.200000 1.050291 nan
5836.000000 1.045962 nan
5836.800000 1.045790 nan
5837.600000 1.042462 nan
5838.400000 1.031476 nan
5839.200000 1.049297 nan
5840.000000 1.053964 nan
5840.800000 1.053660 nan
5841.600000 1.052537 nan
5842.400000 1.046293 nan
5843.200000 1.053843 nan
5844.000000 1.053116 nan
5844.800000 1.052573 nan
5845.600000 1.055823 nan
5846.400000 1.046552 nan
5847.200000 1.047612 nan
5848.000000 1.046650 nan
5848.800000 1.041295 nan
5849.600000 1.036869 nan
5850.400000 1.042439 nan
5851.200000 1.047292 nan
5852.000000 1.043388 nan
5852.800000 1.038618 nan
5853.600000 1.045677 nan
5854.400000 1.037333 nan
5855.200000 1.043009 nan
5856.000000 1.044619 nan
5856.800000 1.036198 nan
5857.600000 1.041332 nan
5858.400000 1.045310 nan
5859.200000 1.044203 nan
5860.000000 1.037722 nan
5860.800000 1.030776 nan
5861.600000 1.036651 nan
5862.400000 1.035066 nan
5863.200000 1.035611 nan
5864.000000 1.040092 nan
5864.800000 1.043851 nan
5865.600000 1.042970 nan
5866.400000 1.043607 nan
5867.200000 1.042803 nan
5868.000000 1.040315 nan
5868.800000 1.040545 nan
5869.600000 1.042536 nan
5870.400000 1.042194 nan
5871.200000 1.038092 nan
5872.000000 1.034184 nan
5872.800000 1.042365 nan
5873.600000 1.041931 nan
5874.400000 1.035710 nan
5875.200000 1.032257 nan
5876.000000 1.036564 nan
5876.800000 1.034465 nan
5877.600000 1.038012 nan
5878.400000 1.043887 nan
5879.200000 1.045378 nan
5880.000000 1.036435 nan
5880.800000 1.033069 nan
5881.600000 1.035627 nan
5882.400000 1.038652 nan
5883.200000 1.037233 nan
5884.000000 1.029939 nan
5884.800000 1.025967 nan
5885.600000 1.028331 nan
5886.400000 1.029637 nan
5887.200000 1.024668 nan
5888.000000 1.027179 nan
5888.800000 1.022872 nan
5889.600000 1.020817 nan
5890.400000 1.023136 nan
5891.200000 1.024105 nan
5892.000000 1.015995 nan
5892.800000 1.012483 nan
5893.600000 1.010259 nan
5894.400000 1.007425 nan
5895.200000 1.007766 nan
5896.000000 1.007294 nan
5896.800000 1.007689 nan
5897.600000 1.009717 nan
5898.400000 1.010293 nan
5899.200000 1.000023 nan
5900.000000 1.004196 nan
5900.800000 1.002892 nan
5901.600000 0.999432 nan
5902.400000 1.005696 nan
5903.200000 0.999853 nan
5904.000000 0.991023 nan
5904.800000 0.986344 nan
5905.600000 0.989898 nan
5906.400000 0.999985 nan
5907.200000 0.993404 nan
5908.000000 0.994817 nan
5908.800000 1.001818 nan
5909.600000 1.004882 nan
5910.400000 0.997442 nan
5911.200000 0.995939 nan
5912.000000 0.995635 nan
5912.800000 0.996072 nan
5913.600000 0.998725 nan
5914.400000 1.000529 nan
5915.200000 0.998412 nan
5916.000000 0.997910 nan
5916.800000 0.999049 nan
5917.600000 0.996540 nan
5918.400000 0.989187 nan
5919.200000 1.000131 nan
5920.000000 1.005223 nan
5920.800000 0.996523 nan
5921.600000 1.004534 nan
5922.400000 0.996637 nan
5923.200000 0.991166 nan
5924.000000 0.995385 nan
5924.800000 1.006266 nan
5925.600000 1.003153 nan
5926.400000 0.996399 nan
5927.200000 0.988849 nan
5928.000000 0.985909 nan
5928.800000 0.991175 nan
5929.600000 0.990435 nan
5930.400000 0.991014 nan
5931.200000 0.992934 nan
5932.000000 0.992042 nan
5932.800000 0.984300 nan
5933.600000 0.994171 nan
5934.400000 0.994470 nan
5935.200000 0.988552 nan
5936.000000 0.986448 nan
5936.800000 0.989695 nan
5937.600000 0.995202 nan
5938.400000 0.991110 nan
5939.200000 0.986310 nan
5940.000000 0.992155 nan
5940.800000 0.981630 nan
5941.600000 0.994056 nan
5942.400000 1.004671 nan
5943.200000 1.001251 nan
5944.000000 0.994267 nan
5944.800000 1.000053 nan
5945.600000 0.997826 nan
5946.400000 0.996565 nan
5947.200000 0.999793 nan
5948.000000 0.990181 nan
5948.800000 1.000132 nan
5949.600000 0.997683 nan
5950.400000 0.988939 nan
5951.200000 0.992213 nan
5952.000000 1.001472 nan
5952.800000 1.014421 nan
5953.600000 1.006670 nan
5954.400000 0.988528 nan
5955.200000 0.993746 nan
5956.000000 0.990346 nan
5956.800000 0.997809 nan
5957.600000 1.001486 nan
5958.400000 0.994828 nan
5959.200000 0.994841 nan
5960.000000 1.008316 nan
5960.800000 1.003184 nan
5961.600000 0.993670 nan
5962.400000 0.997290 nan
5963.200000 0.999617 nan
5964.000000 1.000023 nan
5964.800000 1.000766 nan
5965.600000 1.002515 nan
5966.400000 1.004516 nan
5967.200000 1.005300 nan
5968.000000 1.005756 nan
5968.800000 1.005297 nan
5969.600000 1.004931 nan
5970.400000 1.006478 nan
5971.200000 1.000186 nan
5972.000000 1.006719 nan
5972.800000 1.014548 nan
5973.600000 1.011994 nan
5974.400000 1.009236 nan
5975.200000 1.016502 nan
5976.000000 1.003123 nan
5976.800000 0.991973 nan
5977.600000 1.014047 nan
5978.400000 1.016123 nan
5979.200000 1.011707 nan
5980.000000 1.007502 nan
5980.800000 1.003389 nan
5981.600000 1.001425 nan
5982.400000 1.030303 nan
5983.200000 1.014787 nan
5984.000000 1.000672 nan
5984.800000 1.013297 nan
5985.600000 0.999967 nan
5986.400000 1.000227 nan
5987.200000 1.005428 nan
5988.000000 1.003381 nan
5988.800000 0.992764 nan
5989.600000 1.004775 nan
5990.400000 1.007595 nan
5991.200000 1.003825 nan
5992.000000 1.000473 nan
5992.800000 1.002671 nan
5993.600000 1.002884 nan
5994.400000 0.999764 nan
5995.200000 1.005760 nan
5996.000000 1.017301 nan
5996.800000 1.004583 nan
5997.600000 0.993713 nan
5998.400000 0.997061 nan
5999.200000 1.003787 nan
6000.000000 1.002747 nan
