3600.000000 0.985872 nan
3600.800000 0.986366 nan
3601.600000 0.977026 nan
3602.400000 0.972333 nan
3603.200000 0.975597 nan
3604.000000 0.958579 nan
3604.800000 0.959532 nan
3605.600000 0.972846 nan
3606.400000 0.977981 nan
3607.200000 0.973680 nan
3608.000000 0.979781 nan
3608.800000 0.981006 nan
3609.600000 0.980691 nan
3610.400000 0.983164 nan
3611.200000 0.985503 nan
3612.000000 0.982775 nan
3612.800000 0.981894 nan
3613.600000 0.978129 nan
3614.400000 0.976651 nan
3615.200000 0.978469 nan
3616.000000 0.984271 nan
3616.800000 0.992563 nan
3617.600000 0.980960 nan
3618.400000 0.982100 nan
3619.200000 0.990224 nan
3620.000000 0.994952 nan
3620.800000 0.994950 nan
3621.600000 0.990350 nan
3622.400000 0.991522 nan
3623.200000 0.992424 nan
3624.000000 0.990080 nan
3624.800000 0.989422 nan
3625.600000 1.000890 nan
3626.400000 0.990578 nan
3627.200000 0.993495 nan
3628.000000 1.000745 nan
3628.800000 0.988517 nan
3629.600000 0.976516 nan
3630.400000 0.981803 nan
3631.200000 0.987489 nan
3632.000000 0.989298 nan
3632.800000 0.991422 nan
3633.600000 0.996926 nan
3634.400000 0.979427 nan
3635.200000 0.982857 nan
3636.000000 0.990763 nan
3636.800000 0.990566 nan
3637.600000 0.989586 nan
3638.400000 0.978787 nan
3639.200000 0.991746 nan
3640.000000 1.000576 nan
3640.800000 0.995916 nan
3641.600000 0.986319 nan
3642.400000 0.988515 nan
3643.200000 0.983528 nan
3644.000000 0.987996 nan
3644.800000 0.993209 nan
3645.600000 0.988720 nan
3646.400000 0.983519 nan
3647.200000 0.983458 nan
3648.000000 0.983974 nan
3648.800000 0.990357 nan
3649.600000 0.997262 nan
3650.400000 0.988902 nan
3651.200000 0.985148 nan
3652.000000 0.986746 nan
3652.800000 0.990515 nan
3653.600000 0.990029 nan
3654.400000 0.982741 nan
3655.200000 0.991076 nan
3656.000000 0.988155 nan
3656.800000 0.985516 nan
3657.600000 0.981508 nan
3658.400000 0.974886 nan
3659.200000 0.979635 nan
3660.000000 0.979158 nan
3660.800000 0.978524 nan
3661.600000 0.981292 nan
3662.400000 0.987090 nan
3663.200000 0.989092 nan
3664.000000 0.975996 nan
3664.800000 0.978792 nan
3665.600000 0.984181 nan
3666.400000 0.982625 nan
3667.200000 0.980010 nan
3668.000000 0.986558 nan
3668.800000 0.980792 nan
3669.600000 0.974634 nan
3670.400000 0.976733 nan
3671.200000 0.984355 nan
3672.000000 0.983468 nan
3672.800000 0.978673 nan
3673.600000 0.980143 nan
3674.400000 0.986934 nan
3675.200000 0.993075 nan
3676.000000 0.990514 nan
3676.800000 0.988547 nan
3677.600000 0.979423 nan
3678.400000 0.976324 nan
3679.200000 0.984869 nan
3680.000000 0.994219 nan
3680.800000 0.989393 nan
3681.600000 0.990597 nan
3682.400000 0.989279 nan
3683.200000 0.984967 nan
3684.000000 0.983441 nan
3684.800000 0.987005 nan
3685.600000 0.994533 nan
3686.400000 0.985112 nan
3687.200000 0.977217 nan
3688.000000 0.984822 nan
3688.800000 0.983495 nan
3689.600000 0.990454 nan
3690.400000 0.989747 nan
3691.200000 0.986913 nan
3692.000000 0.983703 nan
3692.800000 0.975229 nan
3693.600000 0.979371 nan
3694.400000 0.986151 nan
3695.200000 0.985635 nan
3696.000000 0.983199 nan
3696.800000 0.987425 nan
3697.600000 0.985292 nan
3698.400000 0.985853 nan
3699.200000 0.983225 nan
3700.000000 0.985248 nan
3700.800000 0.993093 nan
3701.600000 0.981407 nan
3702.400000 0.979182 nan
3703.200000 0.983709 nan
3704.000000 0.988393 nan
3704.800000 0.988034 nan
3705.600000 0.981894 nan
3706.400000 0.984067 nan
3707.200000 0.986854 nan
3708.000000 0.988780 nan
3708.800000 0.989478 nan
3709.600000 0.985701 nan
3710.400000 0.972633 nan
3711.200000 0.982328 nan
3712.000000 0.998841 nan
3712.800000 1.002153 nan
3713.600000 0.986397 nan
3714.400000 0.983704 nan
3715.200000 0.987621 nan
3716.000000 0.985471 nan
3716.800000 0.982153 nan
3717.600000 0.980951 nan
3718.400000 0.975525 nan
3719.200000 0.978459 nan
3720.000000 0.984936 nan
3720.800000 0.989850 nan
3721.600000 0.988833 nan
3722.400000 0.981108 nan
3723.200000 0.979548 nan
3724.000000 0.979856 nan
3724.800000 0.974656 nan
3725.600000 0.969039 nan
3726.400000 0.972590 nan
3727.200000 0.975901 nan
3728.000000 0.979683 nan
3728.800000 0.982452 nan
3729.600000 0.983378 nan
3730.400000 0.981644 nan
3731.200000 0.976915 nan
3732.000000 0.976045 nan
3732.800000 0.978740 nan
3733.600000 0.985857 nan
3734.400000 0.990862 nan
3735.200000 0.981904 nan
3736.000000 0.982645 nan
3736.800000 0.983432 nan
3737.600000 0.985048 nan
3738.400000 0.983345 nan
3739.200000 0.975426 nan
3740.000000 0.978234 nan
3740.800000 0.975691 nan
3741.600000 0.979988 nan
3742.400000 0.979464 nan
3743.200000 0.970129 nan
3744.000000 0.981183 nan
3744.800000 0.984537 nan
3745.600000 0.991682 nan
3746.400000 1.001523 nan
3747.200000 1.002876 nan
3748.000000 0.983675 nan
3748.800000 0.976412 nan
3749.600000 0.981739 nan
3750.400000 0.983184 nan
3751.200000 0.984300 nan
3752.000000 0.995411 nan
3752.800000 0.988171 nan
3753.600000 0.985126 nan
3754.400000 0.989168 nan
3755.200000 0.994716 nan
3756.000000 0.994322 nan
3756.800000 0.987806 nan
3757.600000 0.998226 nan
3758.400000 0.993611 nan
3759.200000 0.986698 nan
3760.000000 0.988371 nan
3760.800000 0.983850 nan
3761.600000 0.984133 nan
3762.400000 0.986847 nan
3763.200000 0.986052 nan
3764.000000 0.983285 nan
3764.800000 0.984152 nan
3765.600000 0.981070 nan
3766.400000 0.989528 nan
3767.200000 0.992300 nan
3768.000000 0.989532 nan
3768.800000 0.989452 nan
3769.600000 0.990603 nan
3770.400000 0.991518 nan
3771.200000 0.989756 nan
3772.000000 0.988236 nan
3772.800000 0.987179 nan
3773.600000 0.981042 nan
3774.400000 0.984752 nan
3775.200000 0.982987 nan
3776.000000 0.983385 nan
3776.800000 0.985480 nan
3777.600000 0.977083 nan
3778.400000 0.972598 nan
3779.200000 0.978963 nan
3780.000000 0.984581 nan
3780.800000 0.987029 nan
3781.600000 0.990726 nan
3782.400000 0.993410 nan
3783.200000 0.990601 nan
3784.000000 0.985981 nan
3784.800000 0.983826 nan
3785.600000 0.986009 nan
3786.400000 0.986081 nan
3787.200000 0.977257 nan
3788.000000 0.980730 nan
3788.800000 0.984073 nan
3789.600000 0.982341 nan
3790.400000 0.986916 nan
3791.200000 0.982558 nan
3792.000000 0.983561 nan
3792.800000 0.983166 nan
3793.600000 0.981855 nan
3794.400000 0.985484 nan
3795.200000 0.983538 nan
3796.000000 0.979559 nan
3796.800000 0.977783 nan
3797.600000 0.980881 nan
3798.400000 0.987793 nan
3799.200000 0.989040 nan
3800.000000 0.983376 nan
3800.800000 0.984180 nan
3801.600000 0.986778 nan
3802.400000 0.987237 nan
3803.200000 0.989217 nan
3804.000000 0.977778 nan
3804.800000 0.985588 nan
3805.600000 0.991285 nan
3806.400000 0.983176 nan
3807.200000 0.973525 nan
3808.000000 0.976825 nan
3808.800000 0.983047 nan
3809.600000 0.977774 nan
3810.400000 0.969406 nan
3811.200000 0.971176 nan
3812.000000 0.968482 nan
3812.800000 0.974203 nan
3813.600000 0.980554 nan
3814.400000 0.981027 nan
3815.200000 0.979223 nan
3816.000000 0.989266 nan
3816.800000 0.992146 nan
3817.600000 0.984398 nan
3818.400000 0.983537 nan
3819.200000 0.988777 nan
3820.000000 0.982790 nan
3820.800000 0.984026 nan
3821.600000 0.983502 nan
3822.400000 0.985729 nan
3823.200000 0.984082 nan
3824.000000 0.972103 nan
3824.800000 0.974872 nan
3825.600000 0.982235 nan
3826.400000 0.980512 nan
3827.200000 0.982455 nan
3828.000000 0.995496 nan
3828.800000 0.995993 nan
3829.600000 0.987757 nan
3830.400000 0.988641 nan
3831.200000 0.987724 nan
3832.000000 0.983057 nan
3832.800000 0.988205 nan
3833.600000 0.983458 nan
3834.400000 0.984934 nan
3835.200000 0.986612 nan
3836.000000 0.984161 nan
3836.800000 0.980618 nan
3837.600000 0.985637 nan
3838.400000 0.990896 nan
3839.200000 0.993162 nan
3840.000000 0.989760 nan
3840.800000 0.982688 nan
3841.600000 0.985290 nan
3842.400000 0.994349 nan
3843.200000 0.992876 nan
3844.000000 0.987082 nan
3844.800000 0.984523 nan
3845.600000 0.983331 nan
3846.400000 0.976748 nan
3847.200000 0.977859 nan
3848.000000 0.984076 nan
3848.800000 0.985828 nan
3849.600000 0.978074 nan
3850.400000 0.983986 nan
3851.200000 0.978162 nan
3852.000000 0.977723 nan
3852.800000 0.984558 nan
3853.600000 0.988162 nan
3854.400000 0.980399 nan
3855.200000 0.977230 nan
3856.000000 0.975297 nan
3856.800000 0.975858 nan
3857.600000 0.979346 nan
3858.400000 0.978962 nan
3859.200000 0.971466 nan
3860.000000 0.975540 nan
3860.800000 0.981375 nan
3861.600000 0.979388 nan
3862.400000 0.970301 nan
3863.200000 0.973842 nan
3864.000000 0.979960 nan
3864.800000 0.977699 nan
3865.600000 0.973394 nan
3866.400000 0.977304 nan
3867.200000 0.980328 nan
3868.000000 0.984351 nan
3868.800000 0.980102 nan
3869.600000 0.974762 nan
3870.400000 0.976284 nan
3871.200000 0.979771 nan
3872.000000 0.982935 nan
3872.800000 0.980876 nan
3873.600000 0.977097 nan
3874.400000 0.977003 nan
3875.200000 0.982870 nan
3876.000000 0.983609 nan
3876.800000 0.981591 nan
3877.600000 0.985539 nan
3878.400000 0.991049 nan
3879.200000 0.988504 nan
3880.000000 0.984611 nan
3880.800000 0.982999 nan
3881.600000 0.979053 nan
3882.400000 0.976171 nan
3883.200000 0.977157 nan
3884.000000 0.974985 nan
3884.800000 0.978991 nan
3885.600000 0.977952 nan
3886.400000 0.974888 nan
3887.200000 0.975064 nan
3888.000000 0.978445 nan
3888.800000 0.974448 nan
3889.600000 0.969037 nan
3890.400000 0.975646 nan
3891.200000 0.988287 nan
3892.000000 0.989350 nan
3892.800000 0.992286 nan
3893.600000 0.989506 nan
3894.400000 0.984671 nan
3895.200000 0.984149 nan
3896.000000 0.986945 nan
3896.800000 0.974838 nan
3897.600000 0.972867 nan
3898.400000 0.982180 nan
3899.200000 0.988490 nan
3900.000000 0.982026 nan
3900.800000 0.970755 nan
3901.600000 0.974724 nan
3902.400000 0.992428 nan
3903.200000 0.994818 nan
3904.000000 0.979865 nan
3904.800000 0.973487 nan
3905.600000 0.979100 nan
3906.400000 0.980482 nan
3907.200000 0.985127 nan
3908.000000 0.989137 nan
3908.800000 0.985215 nan
3909.600000 0.986284 nan
3910.400000 0.977419 nan
3911.200000 0.976447 nan
3912.000000 0.979659 nan
3912.800000 0.978079 nan
3913.600000 0.974566 nan
3914.400000 0.981810 nan
3915.200000 0.986164 nan
3916.000000 0.984654 nan
3916.800000 0.982529 nan
3917.600000 0.986468 nan
3918.400000 0.982984 nan
3919.200000 0.982764 nan
3920.000000 0.980768 nan
3920.800000 0.978280 nan
3921.600000 0.980921 nan
3922.400000 0.984748 nan
3923.200000 0.986330 nan
3924.000000 0.983294 nan
3924.800000 0.981620 nan
3925.600000 0.983981 nan
3926.400000 0.980189 nan
3927.200000 0.982262 nan
3928.000000 0.982350 nan
3928.800000 0.974853 nan
3929.600000 0.966709 nan
3930.400000 0.975474 nan
3931.200000 0.973365 nan
3932.000000 0.979990 nan
3932.800000 0.985625 nan
3933.600000 0.987696 nan
3934.400000 0.991100 nan
3935.200000 0.987723 nan
3936.000000 0.974884 nan
3936.800000 0.966531 nan
3937.600000 0.968384 nan
3938.400000 0.976487 nan
3939.200000 0.978082 nan
3940.000000 0.982809 nan
3940.800000 0.986966 nan
3941.600000 0.985635 nan
3942.400000 0.981516 nan
3943.200000 0.986087 nan
3944.000000 0.980726 nan
3944.800000 0.977892 nan
3945.600000 0.982348 nan
3946.400000 0.987335 nan
3947.200000 0.982964 nan
3948.000000 0.992200 nan
3948.800000 0.984030 nan
3949.600000 0.975776 nan
3950.400000 0.971431 nan
3951.200000 0.962955 nan
3952.000000 0.952511 nan
3952.800000 0.954231 nan
3953.600000 0.943664 nan
3954.400000 0.928812 nan
3955.200000 0.924077 nan
3956.000000 0.927107 nan
3956.800000 0.924561 nan
3957.600000 0.915487 nan
3958.400000 0.920775 nan
3959.200000 0.941150 nan
3960.000000 0.950120 nan
3960.800000 0.941246 nan
3961.600000 0.940831 nan
3962.400000 0.951527 nan
3963.200000 0.965942 nan
3964.000000 0.971696 nan
3964.800000 0.960781 nan
3965.600000 0.958209 nan
3966.400000 0.958521 nan
3967.200000 0.960245 nan
3968.000000 0.961342 nan
3968.800000 0.952697 nan
3969.600000 0.951303 nan
3970.400000 0.932045 nan
3971.200000 0.918823 nan
3972.000000 0.928606 nan
3972.800000 0.941482 nan
3973.600000 0.938077 nan
3974.400000 0.949468 nan
3975.200000 0.956958 nan
3976.000000 0.950530 nan
3976.800000 0.942465 nan
3977.600000 0.963299 nan
3978.400000 0.964937 nan
3979.200000 0.975762 nan
3980.000000 0.986096 nan
3980.800000 0.978656 nan
3981.600000 0.981130 nan
3982.400000 0.978981 nan
3983.200000 0.978712 nan
3984.000000 0.983492 nan
3984.800000 0.987563 nan
3985.600000 0.979045 nan
3986.400000 0.978780 nan
3987.200000 0.987364 nan
3988.000000 0.989677 nan
3988.800000 0.981437 nan
3989.600000 0.971709 nan
3990.400000 0.971543 nan
3991.200000 0.983842 nan
3992.000000 0.991506 nan
3992.800000 0.989241 nan
3993.600000 0.982610 nan
3994.400000 0.985284 nan
3995.200000 0.992566 nan
3996.000000 0.993459 nan
3996.800000 0.988206 nan
3997.600000 0.983847 nan
3998.400000 0.987800 nan
3999.200000 0.977277 nan
4000.000000 0.980164 nan
4000.800000 0.980084 nan
4001.600000 0.972224 nan
4002.400000 0.974814 nan
4003.200000 0.975470 nan
4004.000000 0.979832 nan
4004.800000 0.982660 nan
4005.600000 0.980022 nan
4006.400000 0.973414 nan
4007.200000 0.972371 nan
4008.000000 0.975887 nan
4008.800000 0.973057 nan
4009.600000 0.969737 nan
4010.400000 0.971890 nan
4011.200000 0.971216 nan
4012.000000 0.977985 nan
4012.800000 0.976984 nan
4013.600000 0.970317 nan
4014.400000 0.967021 nan
4015.200000 0.974074 nan
4016.000000 0.973512 nan
4016.800000 0.975967 nan
4017.600000 0.973149 nan
4018.400000 0.968746 nan
4019.200000 0.974090 nan
4020.000000 0.974498 nan
4020.800000 0.973033 nan
4021.600000 0.977864 nan
4022.400000 0.982888 nan
4023.200000 0.980974 nan
4024.000000 0.982407 nan
4024.800000 0.979344 nan
4025.600000 0.972322 nan
4026.400000 0.968879 nan
4027.200000 0.972187 nan
4028.000000 0.974651 nan
4028.800000 0.972507 nan
4029.600000 0.975715 nan
4030.400000 0.976872 nan
4031.200000 0.972660 nan
4032.000000 0.969655 nan
4032.800000 0.980539 nan
4033.600000 0.980237 nan
4034.400000 0.974594 nan
4035.200000 0.972813 nan
4036.000000 0.977503 nan
4036.800000 0.974221 nan
4037.600000 0.969055 nan
4038.400000 0.969963 nan
4039.200000 0.975989 nan
4040.000000 0.980533 nan
4040.800000 0.975143 nan
4041.600000 0.973037 nan
4042.400000 0.977070 nan
4043.200000 0.977059 nan
4044.000000 0.969369 nan
4044.800000 0.963459 nan
4045.600000 0.977048 nan
4046.400000 0.985567 nan
4047.200000 0.982823 nan
4048.000000 0.980928 nan
4048.800000 0.989412 nan
4049.600000 0.979384 nan
4050.400000 0.979064 nan
4051.200000 0.983308 nan
4052.000000 0.982604 nan
4052.800000 0.977177 nan
4053.600000 0.985476 nan
4054.400000 0.996506 nan
4055.200000 0.989530 nan
4056.000000 0.983998 nan
4056.800000 0.988746 nan
4057.600000 0.984876 nan
4058.400000 0.974360 nan
4059.200000 0.979637 nan
4060.000000 0.984688 nan
4060.800000 0.985543 nan
4061.600000 0.989248 nan
4062.400000 0.989656 nan
4063.200000 0.980851 nan
4064.000000 0.976412 nan
4064.800000 0.981950 nan
4065.600000 0.991705 nan
4066.400000 0.986117 nan
4067.200000 0.978803 nan
4068.000000 0.979351 nan
4068.800000 0.982696 nan
4069.600000 0.983680 nan
4070.400000 0.982003 nan
4071.200000 0.966101 nan
4072.000000 0.979293 nan
4072.800000 0.994145 nan
4073.600000 0.997313 nan
4074.400000 0.984169 nan
4075.200000 0.983007 nan
4076.000000 0.986759 nan
4076.800000 0.992626 nan
4077.600000 0.993342 nan
4078.400000 0.983781 nan
4079.200000 0.985894 nan
4080.000000 0.996643 nan
4080.800000 1.001857 nan
4081.600000 0.996319 nan
4082.400000 0.986157 nan
4083.200000 0.988040 nan
4084.000000 0.983964 nan
4084.800000 0.988442 nan
4085.600000 0.987578 nan
4086.400000 0.976193 nan
4087.200000 0.972060 nan
4088.000000 0.993668 nan
4088.800000 0.987024 nan
4089.600000 0.971593 nan
4090.400000 0.966928 nan
4091.200000 0.976483 nan
4092.000000 0.987671 nan
4092.800000 0.995279 nan
4093.600000 0.978688 nan
4094.400000 0.968292 nan
4095.200000 0.988121 nan
4096.000000 0.994303 nan
4096.800000 1.002663 nan
4097.600000 0.996325 nan
4098.400000 0.989462 nan
4099.200000 0.988197 nan
4100.000000 0.982137 nan
4100.800000 0.991357 nan
4101.600000 0.987493 nan
4102.400000 0.990182 nan
4103.200000 0.996649 nan
4104.000000 0.989590 nan
4104.800000 0.983392 nan
4105.600000 0.978928 nan
4106.400000 0.985347 nan
4107.200000 0.988352 nan
4108.000000 0.978472 nan
4108.800000 0.979409 nan
4109.600000 0.982650 nan
4110.400000 0.977111 nan
4111.200000 0.970240 nan
4112.000000 0.971454 nan
4112.800000 0.978886 nan
4113.600000 0.975933 nan
4114.400000 0.985945 nan
4115.200000 0.981536 nan
4116.000000 0.968912 nan
4116.800000 0.982702 nan
4117.600000 0.982367 nan
4118.400000 0.972801 nan
4119.200000 0.972828 nan
4120.000000 0.977388 nan
4120.800000 0.970536 nan
4121.600000 0.951263 nan
4122.400000 0.966117 nan
4123.200000 0.980125 nan
4124.000000 0.982384 nan
4124.800000 0.976019 nan
4125.600000 0.974484 nan
4126.400000 0.976101 nan
4127.200000 0.962958 nan
4128.000000 0.964004 nan
4128.800000 0.980762 nan
4129.600000 0.980375 nan
4130.400000 0.972570 nan
4131.200000 0.971219 nan
4132.000000 0.971451 nan
4132.800000 0.967199 nan
4133.600000 0.960427 nan
4134.400000 0.972040 nan
4135.200000 0.976384 nan
4136.000000 0.975356 nan
4136.800000 0.969103 nan
4137.600000 0.961846 nan
4138.400000 0.968300 nan
4139.200000 0.967596 nan
4140.000000 0.958892 nan
4140.800000 0.953585 nan
4141.600000 0.957958 nan
4142.400000 0.966183 nan
4143.200000 0.969506 nan
4144.000000 0.967470 nan
4144.800000 0.964688 nan
4145.600000 0.964586 nan
4146.400000 0.967129 nan
4147.200000 0.967322 nan
4148.000000 0.977572 nan
4148.800000 0.973209 nan
4149.600000 0.959709 nan
4150.400000 0.953512 nan
4151.200000 0.950469 nan
4152.000000 0.949033 nan
4152.800000 0.954074 nan
4153.600000 0.959476 nan
4154.400000 0.960577 nan
4155.200000 0.959216 nan
4156.000000 0.959369 nan
4156.800000 0.958743 nan
4157.600000 0.946839 nan
4158.400000 0.936754 nan
4159.200000 0.952782 nan
4160.000000 0.934163 nan
4160.800000 0.944481 nan
4161.600000 0.956534 nan
4162.400000 0.961344 nan
4163.200000 0.964211 nan
4164.000000 0.966749 nan
4164.800000 0.959535 nan
4165.600000 0.960651 nan
4166.400000 0.960535 nan
4167.200000 0.948305 nan
4168.000000 0.932360 nan
4168.800000 0.946734 nan
4169.600000 0.940649 nan
4170.400000 0.934704 nan
4171.200000 0.928410 nan
4172.000000 0.896959 nan
4172.800000 0.935000 nan
4173.600000 0.957302 nan
4174.400000 0.956588 nan
4175.200000 0.951905 nan
4176.000000 0.958925 nan
4176.800000 0.962017 nan
4177.600000 0.960667 nan
4178.400000 0.956833 nan
4179.200000 0.954277 nan
4180.000000 0.956230 nan
4180.800000 0.961363 nan
4181.600000 0.955791 nan
4182.400000 0.963697 nan
4183.200000 0.972549 nan
4184.000000 0.970846 nan
4184.800000 0.962360 nan
4185.600000 0.956106 nan
4186.400000 0.955256 nan
4187.200000 0.958904 nan
4188.000000 0.959272 nan
4188.800000 0.951033 nan
4189.600000 0.956407 nan
4190.400000 0.955108 nan
4191.200000 0.954390 nan
4192.000000 0.955954 nan
4192.800000 0.954822 nan
4193.600000 0.945018 nan
4194.400000 0.960434 nan
4195.200000 0.957249 nan
4196.000000 0.955627 nan
4196.800000 0.966150 nan
4197.600000 0.965233 nan
4198.400000 0.964922 nan
4199.200000 0.960192 nan
4200.000000 0.953691 nan
4200.800000 0.954409 nan
4201.600000 0.965725 nan
4202.400000 0.956941 nan
4203.200000 0.953834 nan
4204.000000 0.954422 nan
4204.800000 0.955471 nan
4205.600000 0.955816 nan
4206.400000 0.954176 nan
4207.200000 0.950750 nan
4208.000000 0.952988 nan
4208.800000 0.962635 nan
4209.600000 0.972513 nan
4210.400000 0.967827 nan
4211.200000 0.965420 nan
4212.000000 0.955493 nan
4212.800000 0.946850 nan
4213.600000 0.949316 nan
4214.400000 0.963913 nan
4215.200000 0.962985 nan
4216.000000 0.962213 nan
4216.800000 0.953892 nan
4217.600000 0.945801 nan
4218.400000 0.949718 nan
4219.200000 0.952062 nan
4220.000000 0.952432 nan
4220.800000 0.950628 nan
4221.600000 0.951875 nan
4222.400000 0.952826 nan
4223.200000 0.937768 nan
4224.000000 0.959773 nan
4224.800000 0.962988 nan
4225.600000 0.959401 nan
4226.400000 0.964515 nan
4227.200000 0.973858 nan
4228.000000 0.975204 nan
4228.800000 0.965662 nan
4229.600000 0.962967 nan
4230.400000 0.967367 nan
4231.200000 0.969800 nan
4232.000000 0.981447 nan
4232.800000 0.965961 nan
4233.600000 0.969269 nan
4234.400000 0.982409 nan
4235.200000 0.978137 nan
4236.000000 0.965496 nan
4236.800000 0.970830 nan
4237.600000 0.975970 nan
4238.400000 0.975014 nan
4239.200000 0.966138 nan
4240.000000 0.953321 nan
4240.800000 0.974700 nan
4241.600000 0.966470 nan
4242.400000 0.971764 nan
4243.200000 0.988044 nan
4244.000000 0.979681 nan
4244.800000 0.979423 nan
4245.600000 0.976844 nan
4246.400000 0.990444 nan
4247.200000 0.993224 nan
4248.000000 0.967398 nan
4248.800000 0.978911 nan
4249.600000 0.976172 nan
4250.400000 0.975727 nan
4251.200000 0.974100 nan
4252.000000 0.973449 nan
4252.800000 0.993217 nan
4253.600000 0.996133 nan
4254.400000 0.983354 nan
4255.200000 0.971048 nan
4256.000000 0.973980 nan
4256.800000 0.991335 nan
4257.600000 0.990585 nan
4258.400000 0.979198 nan
4259.200000 0.985047 nan
4260.000000 0.996639 nan
4260.800000 0.986873 nan
4261.600000 0.968714 nan
4262.400000 0.991392 nan
4263.200000 0.987162 nan
4264.000000 0.980676 nan
4264.800000 0.996341 nan
4265.600000 0.987061 nan
4266.400000 0.989460 nan
4267.200000 0.987493 nan
4268.000000 0.990945 nan
4268.800000 0.998725 nan
4269.600000 0.993052 nan
4270.400000 0.988160 nan
4271.200000 0.985160 nan
4272.000000 0.986446 nan
4272.800000 0.984099 nan
4273.600000 0.972934 nan
4274.400000 0.981414 nan
4275.200000 0.987720 nan
4276.000000 0.986075 nan
4276.800000 0.970468 nan
4277.600000 0.948102 nan
4278.400000 0.964839 nan
4279.200000 0.982767 nan
4280.000000 0.979694 nan
4280.800000 0.976686 nan
4281.600000 0.982840 nan
4282.400000 0.979849 nan
4283.200000 0.987342 nan
4284.000000 0.990402 nan
4284.800000 0.978997 nan
4285.600000 0.968544 nan
4286.400000 0.983008 nan
4287.200000 0.979797 nan
4288.000000 1.001144 nan
4288.800000 0.996265 nan
4289.600000 0.985011 nan
4290.400000 0.993994 nan
4291.200000 0.972445 nan
4292.000000 0.976714 nan
4292.800000 0.971952 nan
4293.600000 0.961361 nan
4294.400000 0.963283 nan
4295.200000 0.984965 nan
4296.000000 0.975683 nan
4296.800000 0.965191 nan
4297.600000 0.970781 nan
4298.400000 0.982319 nan
4299.200000 0.976190 nan
4300.000000 0.976182 nan
4300.800000 0.967768 nan
4301.600000 0.976743 nan
4302.400000 0.986086 nan
4303.200000 0.969660 nan
4304.000000 0.965249 nan
4304.800000 0.955221 nan
4305.600000 0.973360 nan
4306.400000 0.979223 nan
4307.200000 0.954163 nan
4308.000000 0.965953 nan
4308.800000 0.975678 nan
4309.600000 0.975849 nan
4310.400000 0.960127 nan
4311.200000 0.955637 nan
4312.000000 1.003149 nan
4312.800000 0.967609 nan
4313.600000 0.938465 nan
4314.400000 0.942230 nan
4315.200000 0.960002 nan
4316.000000 0.964552 nan
4316.800000 0.968307 nan
4317.600000 0.964678 nan
4318.400000 0.950068 nan
4319.200000 0.943222 nan
4320.000000 0.952750 nan
4320.800000 0.942626 nan
4321.600000 0.958555 nan
4322.400000 0.959830 nan
4323.200000 0.953259 nan
4324.000000 0.955084 nan
4324.800000 0.967000 nan
4325.600000 0.955769 nan
4326.400000 0.946845 nan
4327.200000 0.950590 nan
4328.000000 0.954073 nan
4328.800000 0.942243 nan
4329.600000 0.949547 nan
4330.400000 0.944136 nan
4331.200000 0.932508 nan
4332.000000 0.926106 nan
4332.800000 0.938919 nan
4333.600000 0.970686 nan
4334.400000 0.964480 nan
4335.200000 0.963377 nan
4336.000000 0.961005 nan
4336.800000 0.955066 nan
4337.600000 0.968709 nan
4338.400000 0.937764 nan
4339.200000 0.922255 nan
4340.000000 0.927931 nan
4340.800000 0.941467 nan
4341.600000 0.949232 nan
4342.400000 0.937279 nan
4343.200000 0.950153 nan
4344.000000 0.956082 nan
4344.800000 0.960035 nan
4345.600000 0.973527 nan
4346.400000 0.959676 nan
4347.200000 0.963134 nan
4348.000000 0.951757 nan
4348.800000 0.946068 nan
4349.600000 0.960428 nan
4350.400000 0.954288 nan
4351.200000 0.952600 nan
4352.000000 0.964617 nan
4352.800000 0.974521 nan
4353.600000 0.976913 nan
4354.400000 0.973216 nan
4355.200000 0.952093 nan
4356.000000 0.948103 nan
4356.800000 0.968629 nan
4357.600000 0.981258 nan
4358.400000 0.959301 nan
4359.200000 0.946160 nan
4360.000000 0.961340 nan
4360.800000 0.967514 nan
4361.600000 0.967015 nan
4362.400000 0.971174 nan
4363.200000 0.968360 nan
4364.000000 0.957319 nan
4364.800000 0.950147 nan
4365.600000 0.955352 nan
4366.400000 0.965088 nan
4367.200000 0.957090 nan
4368.000000 0.955264 nan
4368.800000 0.956392 nan
4369.600000 0.957616 nan
4370.400000 0.961096 nan
4371.200000 0.968733 nan
4372.000000 0.967097 nan
4372.800000 0.961915 nan
4373.600000 0.952446 nan
4374.400000 0.950076 nan
4375.200000 0.962430 nan
4376.000000 0.962742 nan
4376.800000 0.959613 nan
4377.600000 0.969553 nan
4378.400000 0.975690 nan
4379.200000 0.968426 nan
4380.000000 0.966255 nan
4380.800000 0.943490 nan
4381.600000 0.930243 nan
4382.400000 0.942849 nan
4383.200000 0.964841 nan
4384.000000 0.965652 nan
4384.800000 0.963232 nan
4385.600000 0.971906 nan
4386.400000 0.967860 nan
4387.200000 0.964266 nan
4388.000000 0.975498 nan
4388.800000 0.957361 nan
4389.600000 0.955198 nan
4390.400000 0.962969 nan
4391.200000 0.970528 nan
4392.000000 0.969164 nan
4392.800000 0.959995 nan
4393.600000 0.948806 nan
4394.400000 0.958375 nan
4395.200000 0.965757 nan
4396.000000 0.961354 nan
4396.800000 0.960202 nan
4397.600000 0.967753 nan
4398.400000 0.964932 nan
4399.200000 0.956229 nan
4400.000000 0.955860 nan
4400.800000 0.966453 nan
4401.600000 0.953185 nan
4402.400000 0.969749 nan
4403.200000 0.977055 nan
4404.000000 0.973006 nan
4404.800000 0.965250 nan
4405.600000 0.954099 nan
4406.400000 0.969936 nan
4407.200000 0.984716 nan
4408.000000 0.972735 nan
4408.800000 0.950236 nan
4409.600000 0.977701 nan
4410.400000 0.955710 nan
4411.200000 0.959775 nan
4412.000000 0.964807 nan
4412.800000 0.959844 nan
4413.600000 0.957801 nan
4414.400000 0.963928 nan
4415.200000 0.971242 nan
4416.000000 0.987123 nan
4416.800000 0.994385 nan
4417.600000 0.985932 nan
4418.400000 0.979982 nan
4419.200000 0.960976 nan
4420.000000 0.956120 nan
4420.800000 0.957331 nan
4421.600000 0.959910 nan
4422.400000 0.971497 nan
4423.200000 0.947896 nan
4424.000000 0.976782 nan
4424.800000 0.992946 nan
4425.600000 0.968658 nan
4426.400000 0.949525 nan
4427.200000 0.953251 nan
4428.000000 0.963264 nan
4428.800000 0.968147 nan
4429.600000 0.969327 nan
4430.400000 0.968019 nan
4431.200000 0.958359 nan
4432.000000 0.957406 nan
4432.800000 0.963199 nan
4433.600000 0.971748 nan
4434.400000 0.976073 nan
4435.200000 0.968362 nan
4436.000000 0.966906 nan
4436.800000 0.965883 nan
4437.600000 0.960894 nan
4438.400000 0.961798 nan
4439.200000 0.979188 nan
4440.000000 0.969655 nan
4440.800000 0.954992 nan
4441.600000 0.958576 nan
4442.400000 0.966110 nan
4443.200000 0.955448 nan
4444.000000 0.955208 nan
4444.800000 0.965456 nan
4445.600000 0.971274 nan
4446.400000 0.968886 nan
4447.200000 0.961496 nan
4448.000000 0.959664 nan
4448.800000 0.959618 nan
4449.600000 0.949425 nan
4450.400000 0.949693 nan
4451.200000 0.959189 nan
4452.000000 0.948110 nan
4452.800000 0.967301 nan
4453.600000 0.973432 nan
4454.400000 0.971809 nan
4455.200000 0.972674 nan
4456.000000 0.975483 nan
4456.800000 0.960045 nan
4457.600000 0.949000 nan
4458.400000 0.959858 nan
4459.200000 0.971093 nan
4460.000000 0.969847 nan
4460.800000 0.993047 nan
4461.600000 0.966341 nan
4462.400000 0.957628 nan
4463.200000 0.966817 nan
4464.000000 0.965234 nan
4464.800000 0.933469 nan
4465.600000 0.952592 nan
4466.400000 0.951028 nan
4467.200000 0.944212 nan
4468.000000 0.948771 nan
4468.800000 0.962535 nan
4469.600000 0.974760 nan
4470.400000 0.975740 nan
4471.200000 0.976176 nan
4472.000000 0.982202 nan
4472.800000 0.989828 nan
4473.600000 0.982219 nan
4474.400000 0.970431 nan
4475.200000 0.969728 nan
4476.000000 0.978363 nan
4476.800000 0.981317 nan
4477.600000 0.965463 nan
4478.400000 0.980155 nan
4479.200000 0.976267 nan
4480.000000 0.967347 nan
4480.800000 0.963530 nan
4481.600000 0.964336 nan
4482.400000 0.987170 nan
4483.200000 0.969865 nan
4484.000000 0.965966 nan
4484.800000 0.969555 nan
4485.600000 0.957564 nan
4486.400000 0.989588 nan
4487.200000 0.971354 nan
4488.000000 0.949875 nan
4488.800000 0.955629 nan
4489.600000 0.974102 nan
4490.400000 0.946909 nan
4491.200000 0.963453 nan
4492.000000 0.954639 nan
4492.800000 0.933195 nan
4493.600000 0.930122 nan
4494.400000 0.950544 nan
4495.200000 0.938570 nan
4496.000000 0.939842 nan
4496.800000 0.948314 nan
4497.600000 0.951540 nan
4498.400000 0.948174 nan
4499.200000 0.965489 nan
4500.000000 0.967493 nan
4500.800000 0.968761 nan
4501.600000 0.967566 nan
4502.400000 0.956622 nan
4503.200000 0.946305 nan
4504.000000 0.949591 nan
4504.800000 0.970964 nan
4505.600000 0.973789 nan
4506.400000 0.953750 nan
4507.200000 0.952621 nan
4508.000000 0.962971 nan
4508.800000 0.963294 nan
4509.600000 0.963005 nan
4510.400000 0.966804 nan
4511.200000 0.965236 nan
4512.000000 0.943220 nan
4512.800000 0.945755 nan
4513.600000 0.950440 nan
4514.400000 0.948360 nan
4515.200000 0.944451 nan
4516.000000 0.943576 nan
4516.800000 0.936654 nan
4517.600000 0.957277 nan
4518.400000 0.967978 nan
4519.200000 0.951227 nan
4520.000000 0.949533 nan
4520.800000 0.956079 nan
4521.600000 0.934287 nan
4522.400000 0.932128 nan
4523.200000 0.954979 nan
4524.000000 0.951085 nan
4524.800000 0.953662 nan
4525.600000 0.942346 nan
4526.400000 0.933790 nan
4527.200000 0.945483 nan
4528.000000 0.963747 nan
4528.800000 0.915502 nan
4529.600000 0.982657 nan
4530.400000 0.967437 nan
4531.200000 0.915238 nan
4532.000000 0.922365 nan
4532.800000 0.940771 nan
4533.600000 0.930469 nan
4534.400000 0.941216 nan
4535.200000 0.938160 nan
4536.000000 0.921239 nan
4536.800000 0.944657 nan
4537.600000 0.960333 nan
4538.400000 0.940764 nan
4539.200000 0.939434 nan
4540.000000 0.952297 nan
4540.800000 0.938382 nan
4541.600000 0.915432 nan
4542.400000 0.946750 nan
4543.200000 0.958867 nan
4544.000000 0.938329 nan
4544.800000 0.916128 nan
4545.600000 0.933703 nan
4546.400000 0.960203 nan
4547.200000 0.941796 nan
4548.000000 0.931839 nan
4548.800000 0.951623 nan
4549.600000 0.950908 nan
4550.400000 0.971378 nan
4551.200000 0.974447 nan
4552.000000 0.967067 nan
4552.800000 0.956876 nan
4553.600000 0.950599 nan
4554.400000 0.973111 nan
4555.200000 0.967728 nan
4556.000000 0.953866 nan
4556.800000 0.941960 nan
4557.600000 0.939410 nan
4558.400000 0.957191 nan
4559.200000 0.937040 nan
4560.000000 0.930439 nan
4560.800000 0.929078 nan
4561.600000 0.927618 nan
4562.400000 0.955663 nan
4563.200000 0.953145 nan
4564.000000 0.954405 nan
4564.800000 0.946818 nan
4565.600000 0.937903 nan
4566.400000 0.950687 nan
4567.200000 0.922408 nan
4568.000000 0.928606 nan
4568.800000 0.938967 nan
4569.600000 0.934464 nan
4570.400000 0.925341 nan
4571.200000 0.943403 nan
4572.000000 0.953888 nan
4572.800000 0.943274 nan
4573.600000 0.926514 nan
4574.400000 0.927964 nan
4575.200000 0.964062 nan
4576.000000 1.002385 nan
4576.800000 0.976485 nan
4577.600000 0.944953 nan
4578.400000 0.941490 nan
4579.200000 0.933845 nan
4580.000000 0.933607 nan
4580.800000 0.941127 nan
4581.600000 0.944972 nan
4582.400000 0.949212 nan
4583.200000 0.960365 nan
4584.000000 0.954293 nan
4584.800000 0.945828 nan
4585.600000 0.940044 nan
4586.400000 0.934170 nan
4587.200000 0.925227 nan
4588.000000 0.924790 nan
4588.800000 0.935478 nan
4589.600000 0.941476 nan
4590.400000 0.950599 nan
4591.200000 0.955011 nan
4592.000000 0.929276 nan
4592.800000 0.933238 nan
4593.600000 0.937714 nan
4594.400000 0.928701 nan
4595.200000 0.925728 nan
4596.000000 0.955588 nan
4596.800000 0.953555 nan
4597.600000 0.920823 nan
4598.400000 0.924149 nan
4599.200000 0.950404 nan
4600.000000 0.964824 nan
4600.800000 0.978374 nan
4601.600000 0.953737 nan
4602.400000 0.943676 nan
4603.200000 0.946081 nan
4604.000000 0.945419 nan
4604.800000 0.941347 nan
4605.600000 0.946783 nan
4606.400000 0.956948 nan
4607.200000 0.950068 nan
4608.000000 0.941639 nan
4608.800000 0.962666 nan
4609.600000 0.940228 nan
4610.400000 0.956479 nan
4611.200000 0.962607 nan
4612.000000 0.959251 nan
4612.800000 0.968915 nan
4613.600000 0.962172 nan
4614.400000 0.972291 nan
4615.200000 0.975562 nan
4616.000000 0.970299 nan
4616.800000 0.965734 nan
4617.600000 0.969178 nan
4618.400000 0.978060 nan
4619.200000 0.977419 nan
4620.000000 0.978502 nan
4620.800000 0.984819 nan
4621.600000 0.980610 nan
4622.400000 0.949888 nan
4623.200000 0.943447 nan
4624.000000 0.954302 nan
4624.800000 0.959869 nan
4625.600000 0.957527 nan
4626.400000 0.973872 nan
4627.200000 0.950490 nan
4628.000000 0.963775 nan
4628.800000 0.983457 nan
4629.600000 0.965212 nan
4630.400000 0.969273 nan
4631.200000 0.991829 nan
4632.000000 0.977225 nan
4632.800000 0.976608 nan
4633.600000 0.998750 nan
4634.400000 0.973714 nan
4635.200000 0.955425 nan
4636.000000 0.990203 nan
4636.800000 1.010014 nan
4637.600000 0.992248 nan
4638.400000 0.961636 nan
4639.200000 0.953404 nan
4640.000000 0.953774 nan
4640.800000 0.964654 nan
4641.600000 0.976921 nan
4642.400000 0.974407 nan
4643.200000 0.959002 nan
4644.000000 0.965590 nan
4644.800000 0.975645 nan
4645.600000 0.982638 nan
4646.400000 0.988740 nan
4647.200000 0.992895 nan
4648.000000 0.986719 nan
4648.800000 1.000532 nan
4649.600000 0.989011 nan
4650.400000 0.966136 nan
4651.200000 0.990603 nan
4652.000000 0.974302 nan
4652.800000 0.994130 nan
4653.600000 0.995671 nan
4654.400000 0.980951 nan
4655.200000 0.978595 nan
4656.000000 0.966183 nan
4656.800000 0.959556 nan
4657.600000 0.965721 nan
4658.400000 0.974593 nan
4659.200000 0.989545 nan
4660.000000 1.036995 nan
4660.800000 0.967189 nan
4661.600000 0.971812 nan
4662.400000 0.988108 nan
4663.200000 0.977956 nan
4664.000000 0.980609 nan
4664.800000 0.978703 nan
4665.600000 0.975736 nan
4666.400000 0.990656 nan
4667.200000 0.998707 nan
4668.000000 0.968152 nan
4668.800000 0.954412 nan
4669.600000 0.968848 nan
4670.400000 0.992701 nan
4671.200000 0.994424 nan
4672.000000 0.979983 nan
4672.800000 1.014956 nan
4673.600000 1.016433 nan
4674.400000 1.009964 nan
4675.200000 1.000333 nan
4676.000000 0.986880 nan
4676.800000 0.974429 nan
4677.600000 1.014084 nan
4678.400000 0.991752 nan
4679.200000 0.972867 nan
4680.000000 0.985505 nan
4680.800000 0.999133 nan
4681.600000 0.986923 nan
4682.400000 0.995985 nan
4683.200000 0.995405 nan
4684.000000 0.983482 nan
4684.800000 0.979569 nan
4685.600000 0.993972 nan
4686.400000 0.990219 nan
4687.200000 0.991861 nan
4688.000000 0.999205 nan
4688.800000 1.007576 nan
4689.600000 1.012317 nan
4690.400000 0.993352 nan
4691.200000 0.987583 nan
4692.000000 0.985266 nan
4692.800000 0.982591 nan
4693.600000 0.984200 nan
4694.400000 0.961382 nan
4695.200000 0.953678 nan
4696.000000 0.955459 nan
4696.800000 0.959441 nan
4697.600000 0.968967 nan
4698.400000 0.995881 nan
4699.200000 0.972791 nan
4700.000000 0.978944 nan
4700.800000 0.982959 nan
4701.600000 0.966942 nan
4702.400000 1.002512 nan
4703.200000 0.997440 nan
4704.000000 0.978603 nan
4704.800000 0.981271 nan
4705.600000 0.998262 nan
4706.400000 0.990000 nan
4707.200000 1.000041 nan
4708.000000 1.003598 nan
4708.800000 0.978344 nan
4709.600000 0.961201 nan
4710.400000 0.985287 nan
4711.200000 0.988852 nan
4712.000000 0.991633 nan
4712.800000 1.012697 nan
4713.600000 1.023693 nan
4714.400000 1.002625 nan
4715.200000 0.988860 nan
4716.000000 0.988072 nan
4716.800000 0.988924 nan
4717.600000 0.985227 nan
4718.400000 0.982648 nan
4719.200000 0.992792 nan
4720.000000 0.990042 nan
4720.800000 0.993700 nan
4721.600000 0.998734 nan
4722.400000 0.995940 nan
4723.200000 0.986194 nan
4724.000000 0.996475 nan
4724.800000 0.988766 nan
4725.600000 0.996080 nan
4726.400000 1.000018 nan
4727.200000 0.984516 nan
4728.000000 1.006541 nan
4728.800000 1.007106 nan
4729.600000 1.011408 nan
4730.400000 1.005719 nan
4731.200000 0.998250 nan
4732.000000 1.036759 nan
4732.800000 1.036891 nan
4733.600000 1.015461 nan
4734.400000 1.009902 nan
4735.200000 1.013050 nan
4736.000000 0.994249 nan
4736.800000 0.983501 nan
4737.600000 0.983808 nan
4738.400000 0.993962 nan
4739.200000 0.999427 nan
4740.000000 0.992832 nan
4740.800000 0.994156 nan
4741.600000 0.992635 nan
4742.400000 1.000860 nan
4743.200000 1.008398 nan
4744.000000 1.001715 nan
4744.800000 0.988685 nan
4745.600000 1.012502 nan
4746.400000 1.019827 nan
4747.200000 1.003604 nan
4748.000000 0.985465 nan
4748.800000 0.993073 nan
4749.600000 0.975155 nan
4750.400000 0.984133 nan
4751.200000 0.999368 nan
4752.000000 1.003994 nan
4752.800000 1.001644 nan
4753.600000 1.020415 nan
4754.400000 1.013426 nan
4755.200000 0.998615 nan
4756.000000 0.989657 nan
4756.800000 0.991808 nan
4757.600000 1.009025 nan
4758.400000 1.056830 nan
4759.200000 1.039743 nan
4760.000000 1.011418 nan
4760.800000 1.010484 nan
4761.600000 1.009027 nan
4762.400000 1.003191 nan
4763.200000 1.002458 nan
4764.000000 1.002745 nan
4764.800000 1.008974 nan
4765.600000 1.021449 nan
4766.400000 0.999020 nan
4767.200000 0.999277 nan
4768.000000 0.999755 nan
4768.800000 1.001787 nan
4769.600000 1.006515 nan
4770.400000 0.987051 nan
4771.200000 1.009634 nan
4772.000000 1.006367 nan
4772.800000 0.998486 nan
4773.600000 1.002626 nan
4774.400000 0.992076 nan
4775.200000 0.997885 nan
4776.000000 0.988729 nan
4776.800000 0.986530 nan
4777.600000 0.993185 nan
4778.400000 0.985664 nan
4779.200000 0.961602 nan
4780.000000 0.991279 nan
4780.800000 0.999187 nan
4781.600000 0.983833 nan
4782.400000 0.982177 nan
4783.200000 0.988629 nan
4784.000000 1.004562 nan
4784.800000 1.003885 nan
4785.600000 0.992502 nan
4786.400000 0.987426 nan
4787.200000 1.001345 nan
4788.000000 0.995461 nan
4788.800000 0.992011 nan
4789.600000 1.000278 nan
4790.400000 1.010145 nan
4791.200000 1.002949 nan
4792.000000 1.003134 nan
4792.800000 0.989058 nan
4793.600000 1.003987 nan
4794.400000 1.026634 nan
4795.200000 1.012904 nan
4796.000000 1.010378 nan
4796.800000 0.998057 nan
4797.600000 0.999937 nan
4798.400000 1.008490 nan
4799.200000 1.012867 nan
4800.000000 1.019445 nan
4800.800000 1.005293 nan
4801.600000 0.998095 nan
4802.400000 1.000108 nan
4803.200000 1.007970 nan
4804.000000 1.017422 nan
4804.800000 1.005107 nan
4805.600000 1.005502 nan
4806.400000 1.011652 nan
4807.200000 1.014161 nan
4808.000000 1.009893 nan
4808.800000 1.004823 nan
4809.600000 1.014631 nan
4810.400000 1.023762 nan
4811.200000 1.018359 nan
4812.000000 1.002660 nan
4812.800000 1.008683 nan
4813.600000 0.983174 nan
4814.400000 0.982637 nan
4815.200000 0.997246 nan
4816.000000 1.008448 nan
4816.800000 1.016969 nan
4817.600000 1.007562 nan
4818.400000 1.020086 nan
4819.200000 1.011565 nan
4820.000000 0.991942 nan
4820.800000 1.012364 nan
4821.600000 1.015401 nan
4822.400000 1.010779 nan
4823.200000 1.015200 nan
4824.000000 1.014818 nan
4824.800000 0.998969 nan
4825.600000 1.007133 nan
4826.400000 1.006023 nan
4827.200000 1.004506 nan
4828.000000 1.005960 nan
4828.800000 1.011272 nan
4829.600000 1.018435 nan
4830.400000 1.004561 nan
4831.200000 1.005059 nan
4832.000000 1.010513 nan
4832.800000 1.007397 nan
4833.600000 0.996464 nan
4834.400000 1.007346 nan
4835.200000 1.008749 nan
4836.000000 1.001973 nan
4836.800000 1.000738 nan
4837.600000 1.012961 nan
4838.400000 1.010659 nan
4839.200000 1.006301 nan
4840.000000 1.001563 nan
4840.800000 1.002809 nan
4841.600000 1.012532 nan
4842.400000 1.021726 nan
4843.200000 1.021040 nan
4844.000000 1.017158 nan
4844.800000 1.014562 nan
4845.600000 1.010498 nan
4846.400000 1.000391 nan
4847.200000 1.003522 nan
4848.000000 1.018018 nan
4848.800000 1.015554 nan
4849.600000 1.003654 nan
4850.400000 1.008504 nan
4851.200000 1.019311 nan
4852.000000 1.021940 nan
4852.800000 1.022060 nan
4853.600000 1.018591 nan
4854.400000 1.009755 nan
4855.200000 1.003742 nan
4856.000000 1.003996 nan
4856.800000 1.015228 nan
4857.600000 1.023295 nan
4858.400000 1.021826 nan
4859.200000 1.021730 nan
4860.000000 1.019657 nan
4860.800000 1.019220 nan
4861.600000 1.016613 nan
4862.400000 1.016108 nan
4863.200000 1.023170 nan
4864.000000 1.015600 nan
4864.800000 1.005089 nan
4865.600000 1.013752 nan
4866.400000 1.026565 nan
4867.200000 1.023130 nan
4868.000000 1.027633 nan
4868.800000 1.028687 nan
4869.600000 1.027121 nan
4870.400000 1.024009 nan
4871.200000 1.022965 nan
4872.000000 1.030825 nan
4872.800000 1.038892 nan
4873.600000 1.034733 nan
4874.400000 1.030239 nan
4875.200000 1.030905 nan
4876.000000 1.030778 nan
4876.800000 1.027466 nan
4877.600000 1.019597 nan
4878.400000 1.014001 nan
4879.200000 1.018682 nan
4880.000000 1.031635 nan
4880.800000 1.023430 nan
4881.600000 1.021650 nan
4882.400000 1.019571 nan
4883.200000 1.020983 nan
4884.000000 1.027062 nan
4884.800000 1.025282 nan
4885.600000 1.028484 nan
4886.400000 1.022400 nan
4887.200000 1.018323 nan
4888.000000 1.017628 nan
4888.800000 1.007579 nan
4889.600000 1.009076 nan
4890.400000 1.012842 nan
4891.200000 1.016923 nan
4892.000000 1.017586 nan
4892.800000 1.012875 nan
4893.600000 1.014940 nan
4894.400000 1.023677 nan
4895.200000 1.023467 nan
4896.000000 1.016887 nan
4896.800000 1.011627 nan
4897.600000 1.007503 nan
4898.400000 0.997609 nan
4899.200000 0.999710 nan
4900.000000 1.010149 nan
4900.800000 1.017901 nan
4901.600000 1.014943 nan
4902.400000 1.013233 nan
4903.200000 1.013392 nan
4904.000000 1.014156 nan
4904.800000 1.014511 nan
4905.600000 1.013959 nan
4906.400000 1.012770 nan
4907.200000 1.010791 nan
4908.000000 1.005262 nan
4908.800000 1.001463 nan
4909.600000 1.005942 nan
4910.400000 1.016754 nan
4911.200000 1.026323 nan
4912.000000 1.032545 nan
4912.800000 1.030329 nan
4913.600000 1.025640 nan
4914.400000 1.037905 nan
4915.200000 1.035227 nan
4916.000000 1.030588 nan
4916.800000 1.022974 nan
4917.600000 1.015380 nan
4918.400000 1.015487 nan
4919.200000 1.014072 nan
4920.000000 1.015034 nan
4920.800000 1.010102 nan
4921.600000 1.001589 nan
4922.400000 0.995168 nan
4923.200000 0.981871 nan
4924.000000 0.965528 nan
4924.800000 0.959006 nan
4925.600000 0.957264 nan
4926.400000 0.953516 nan
4927.200000 0.950376 nan
4928.000000 0.949605 nan
4928.800000 0.944045 nan
4929.600000 0.936151 nan
4930.400000 0.933356 nan
4931.200000 0.937233 nan
4932.000000 0.910086 nan
4932.800000 0.916125 nan
4933.600000 0.928876 nan
4934.400000 0.932496 nan
4935.200000 0.928902 nan
4936.000000 0.923351 nan
4936.800000 0.906785 nan
4937.600000 0.891026 nan
4938.400000 0.885585 nan
4939.200000 0.892581 nan
4940.000000 0.900664 nan
4940.800000 0.894332 nan
4941.600000 0.866581 nan
4942.400000 0.833032 nan
4943.200000 0.813728 nan
4944.000000 0.816375 nan
4944.800000 0.800324 nan
4945.600000 0.788247 nan
4946.400000 0.792914 nan
4947.200000 0.816514 nan
4948.000000 0.845959 nan
4948.800000 0.852669 nan
4949.600000 0.854547 nan
4950.400000 0.858249 nan
4951.200000 0.864812 nan
4952.000000 0.874184 nan
4952.800000 0.888128 nan
4953.600000 0.895570 nan
4954.400000 0.905702 nan
4955.200000 0.911767 nan
4956.000000 0.911250 nan
4956.800000 0.917017 nan
4957.600000 0.923506 nan
4958.400000 0.927247 nan
4959.200000 0.931220 nan
4960.000000 0.938511 nan
4960.800000 0.948232 nan
4961.600000 0.948729 nan
4962.400000 0.942175 nan
4963.200000 0.943924 nan
4964.000000 0.954308 nan
4964.800000 0.963124 nan
4965.600000 0.962568 nan
4966.400000 0.964541 nan
4967.200000 0.965193 nan
4968.000000 0.966896 nan
4968.800000 0.972528 nan
4969.600000 0.978978 nan
4970.400000 0.979500 nan
4971.200000 0.983503 nan
4972.000000 0.984461 nan
4972.800000 0.983580 nan
4973.600000 0.991811 nan
4974.400000 0.995357 nan
4975.200000 0.998739 nan
4976.000000 1.002187 nan
4976.800000 1.005218 nan
4977.600000 1.008331 nan
4978.400000 1.014829 nan
4979.200000 1.020586 nan
4980.000000 1.017676 nan
4980.800000 1.014534 nan
4981.600000 1.017449 nan
4982.400000 1.014275 nan
4983.200000 1.017720 nan
4984.000000 1.021571 nan
4984.800000 1.026079 nan
4985.600000 1.030335 nan
4986.400000 1.029022 nan
4987.200000 1.023548 nan
4988.000000 1.025480 nan
4988.800000 1.027283 nan
4989.600000 1.025779 nan
4990.400000 1.023943 nan
4991.200000 1.022949 nan
4992.000000 1.023408 nan
4992.800000 1.025468 nan
4993.600000 1.025436 nan
4994.400000 1.022102 nan
4995.200000 1.024308 nan
4996.000000 1.026135 nan
4996.800000 1.023532 nan
4997.600000 1.017793 nan
4998.400000 1.014695 nan
4999.200000 1.021923 nan
5000.000000 1.022980 nan
5000.800000 1.018415 nan
5001.600000 1.019199 nan
5002.400000 1.025179 nan
5003.200000 1.026269 nan
5004.000000 1.024477 nan
5004.800000 1.021577 nan
5005.600000 1.018555 nan
5006.400000 1.017031 nan
5007.200000 1.016499 nan
5008.000000 1.009810 nan
5008.800000 1.005504 nan
5009.600000 1.002553 nan
5010.400000 1.000736 nan
5011.200000 1.003066 nan
5012.000000 1.012848 nan
5012.800000 1.006240 nan
5013.600000 1.005966 nan
5014.400000 1.003620 nan
5015.200000 0.997330 nan
5016.000000 0.998278 nan
5016.800000 0.999050 nan
5017.600000 1.004675 nan
5018.400000 1.009054 nan
5019.200000 1.007669 nan
5020.000000 1.001198 nan
5020.800000 0.999951 nan
5021.600000 0.997218 nan
5022.400000 0.996668 nan
5023.200000 0.997641 nan
5024.000000 0.996568 nan
5024.800000 0.990996 nan
5025.600000 0.993373 nan
5026.400000 0.994522 nan
5027.200000 0.992929 nan
5028.000000 0.991753 nan
5028.800000 0.993947 nan
5029.600000 0.988846 nan
5030.400000 0.988593 nan
5031.200000 0.991165 nan
5032.000000 0.989710 nan
5032.800000 0.982225 nan
5033.600000 0.987277 nan
5034.400000 0.995034 nan
5035.200000 0.993846 nan
5036.000000 0.990922 nan
5036.800000 0.996488 nan
5037.600000 1.004576 nan
5038.400000 1.001031 nan
5039.200000 0.997994 nan
5040.000000 0.998800 nan
5040.800000 1.000361 nan
5041.600000 0.996955 nan
5042.400000 0.995093 nan
5043.200000 0.995289 nan
5044.000000 0.996712 nan
5044.800000 0.998263 nan
5045.600000 1.000248 nan
5046.400000 1.008134 nan
5047.200000 1.006761 nan
5048.000000 1.002139 nan
5048.800000 1.000650 nan
5049.600000 1.002787 nan
5050.400000 0.998877 nan
5051.200000 0.998652 nan
5052.000000 0.998731 nan
5052.800000 0.999454 nan
5053.600000 1.000965 nan
5054.400000 1.000620 nan
5055.200000 1.003061 nan
5056.000000 1.000409 nan
5056.800000 0.998739 nan
5057.600000 1.001060 nan
5058.400000 1.003373 nan
5059.200000 1.005013 nan
5060.000000 1.010456 nan
5060.800000 1.013184 nan
5061.600000 1.013709 nan
5062.400000 1.017089 nan
5063.200000 1.022242 nan
5064.000000 1.018593 nan
5064.800000 1.018792 nan
5065.600000 1.020433 nan
5066.400000 1.018470 nan
5067.200000 1.018030 nan
5068.000000 1.020754 nan
5068.800000 1.024661 nan
5069.600000 1.028369 nan
5070.400000 1.029723 nan
5071.200000 1.027240 nan
5072.000000 1.029953 nan
5072.800000 1.035950 nan
5073.600000 1.038073 nan
5074.400000 1.035959 nan
5075.200000 1.033491 nan
5076.000000 1.031316 nan
5076.800000 1.037906 nan
5077.600000 1.038034 nan
5078.400000 1.035109 nan
5079.200000 1.035516 nan
5080.000000 1.029765 nan
5080.800000 1.029922 nan
5081.600000 1.033772 nan
5082.400000 1.033111 nan
5083.200000 1.028633 nan
5084.000000 1.032815 nan
5084.800000 1.033920 nan
5085.600000 1.035134 nan
5086.400000 1.039344 nan
5087.200000 1.041694 nan
5088.000000 1.036413 nan
5088.800000 1.040233 nan
5089.600000 1.041947 nan
5090.400000 1.047232 nan
5091.200000 1.045872 nan
5092.000000 1.031558 nan
5092.800000 1.033249 nan
5093.600000 1.035230 nan
5094.400000 1.039344 nan
5095.200000 1.037365 nan
5096.000000 1.028541 nan
5096.800000 1.029714 nan
5097.600000 1.035391 nan
5098.400000 1.036038 nan
5099.200000 1.032863 nan
5100.000000 1.029201 nan
5100.800000 1.029249 nan
5101.600000 1.035922 nan
5102.400000 1.031239 nan
5103.200000 1.026910 nan
5104.000000 1.023658 nan
5104.800000 1.019161 nan
5105.600000 1.026089 nan
5106.400000 1.018443 nan
5107.200000 1.021275 nan
5108.000000 1.027443 nan
5108.800000 1.025347 nan
5109.600000 1.024493 nan
5110.400000 1.020758 nan
5111.200000 1.018607 nan
5112.000000 1.017703 nan
5112.800000 1.018580 nan
5113.600000 1.022854 nan
5114.400000 1.021043 nan
5115.200000 1.021688 nan
5116.000000 1.018804 nan
5116.800000 1.014114 nan
5117.600000 1.012357 nan
5118.400000 1.009098 nan
5119.200000 1.010396 nan
5120.000000 1.016151 nan
5120.800000 1.017135 nan
5121.600000 1.009816 nan
5122.400000 1.011829 nan
5123.200000 1.016186 nan
5124.000000 1.001503 nan
5124.800000 0.989093 nan
5125.600000 0.994345 nan
5126.400000 1.004633 nan
5127.200000 1.009690 nan
5128.000000 1.003919 nan
5128.800000 0.995798 nan
5129.600000 0.996441 nan
5130.400000 1.007913 nan
5131.200000 0.996798 nan
5132.000000 1.007956 nan
5132.800000 0.999018 nan
5133.600000 0.981629 nan
5134.400000 0.988118 nan
5135.200000 1.001748 nan
5136.000000 0.989328 nan
5136.800000 0.989717 nan
5137.600000 0.991763 nan
5138.400000 0.983122 nan
5139.200000 0.982763 nan
5140.000000 0.986961 nan
5140.800000 0.989918 nan
5141.600000 0.990058 nan
5142.400000 0.986883 nan
5143.200000 0.980049 nan
5144.000000 0.971321 nan
5144.800000 0.982157 nan
5145.600000 0.981459 nan
5146.400000 0.973890 nan
5147.200000 0.978835 nan
5148.000000 0.980193 nan
5148.800000 0.980465 nan
5149.600000 0.989501 nan
5150.400000 0.992369 nan
5151.200000 0.978216 nan
5152.000000 0.967376 nan
5152.800000 0.980001 nan
5153.600000 0.979105 nan
5154.400000 0.975862 nan
5155.200000 0.982813 nan
5156.000000 0.993991 nan
5156.800000 0.996657 nan
5157.600000 1.001829 nan
5158.400000 0.994625 nan
5159.200000 0.981521 nan
5160.000000 0.981753 nan
5160.800000 0.988715 nan
5161.600000 0.984762 nan
5162.400000 0.983601 nan
5163.200000 0.989883 nan
5164.000000 0.997336 nan
5164.800000 0.992994 nan
5165.600000 1.002281 nan
5166.400000 0.993389 nan
5167.200000 0.994065 nan
5168.000000 1.010503 nan
5168.800000 1.001425 nan
5169.600000 1.001961 nan
5170.400000 1.006029 nan
5171.200000 1.002630 nan
5172.000000 1.000423 nan
5172.800000 1.011842 nan
5173.600000 0.999696 nan
5174.400000 1.001574 nan
5175.200000 0.999593 nan
5176.000000 1.005108 nan
5176.800000 1.023842 nan
5177.600000 1.001533 nan
5178.400000 1.009939 nan
5179.200000 1.012704 nan
5180.000000 1.017374 nan
5180.800000 1.027034 nan
5181.600000 1.014850 nan
5182.400000 1.020478 nan
5183.200000 1.016881 nan
5184.000000 1.018746 nan
5184.800000 1.031755 nan
5185.600000 1.039363 nan
5186.400000 1.032311 nan
5187.200000 1.024601 nan
5188.000000 1.029530 nan
5188.800000 1.036354 nan
5189.600000 1.032234 nan
5190.400000 1.031278 nan
5191.200000 1.033965 nan
5192.000000 1.037753 nan
5192.800000 1.040685 nan
5193.600000 1.042626 nan
5194.400000 1.045395 nan
5195.200000 1.047496 nan
5196.000000 1.041748 nan
5196.800000 1.034017 nan
5197.600000 1.034086 nan
5198.400000 1.045563 nan
5199.200000 1.031825 nan
5200.000000 1.025234 nan
5200.800000 1.029447 nan
5201.600000 1.032632 nan
5202.400000 1.027832 nan
5203.200000 1.044769 nan
5204.000000 1.032802 nan
5204.800000 1.039342 nan
5205.600000 1.057680 nan
5206.400000 1.057861 nan
5207.200000 1.036102 nan
5208.000000 1.016593 nan
5208.800000 1.036596 nan
5209.600000 1.044885 nan
5210.400000 1.025012 nan
5211.200000 1.031470 nan
5212.000000 1.022534 nan
5212.800000 1.029400 nan
5213.600000 1.038975 nan
5214.400000 1.039286 nan
5215.200000 1.031761 nan
5216.000000 1.034811 nan
5216.800000 1.032663 nan
5217.600000 1.030649 nan
5218.400000 1.026905 nan
5219.200000 1.021950 nan
5220.000000 1.033075 nan
5220.800000 1.032944 nan
5221.600000 1.023139 nan
5222.400000 1.017951 nan
5223.200000 1.023824 nan
5224.000000 1.028575 nan
5224.800000 1.023484 nan
5225.600000 1.030637 nan
5226.400000 1.034840 nan
5227.200000 1.037403 nan
5228.000000 1.047102 nan
5228.800000 1.007541 nan
5229.600000 1.035712 nan
5230.400000 1.036485 nan
5231.200000 1.019339 nan
5232.000000 1.034934 nan
5232.800000 1.010923 nan
5233.600000 1.018360 nan
5234.400000 1.024284 nan
5235.200000 1.025087 nan
5236.000000 1.031875 nan
5236.800000 1.044149 nan
5237.600000 1.013983 nan
5238.400000 1.010822 nan
5239.200000 1.017545 nan
5240.000000 1.018205 nan
5240.800000 1.022955 nan
5241.600000 1.031754 nan
5242.400000 1.030459 nan
5243.200000 1.015239 nan
5244.000000 1.003340 nan
5244.800000 1.007972 nan
5245.600000 1.000573 nan
5246.400000 1.011270 nan
5247.200000 1.004250 nan
5248.000000 0.996691 nan
5248.800000 1.007122 nan
5249.600000 1.006992 nan
5250.400000 1.025402 nan
5251.200000 1.015943 nan
5252.000000 1.004356 nan
5252.800000 1.012273 nan
5253.600000 1.023391 nan
5254.400000 1.006488 nan
5255.200000 1.012446 nan
5256.000000 1.013597 nan
5256.800000 1.008618 nan
5257.600000 1.017476 nan
5258.400000 1.003719 nan
5259.200000 1.014669 nan
5260.000000 1.009257 nan
5260.800000 0.997574 nan
5261.600000 1.005120 nan
5262.400000 1.008322 nan
5263.200000 1.009328 nan
5264.000000 1.011642 nan
5264.800000 1.007451 nan
5265.600000 0.997078 nan
5266.400000 0.998943 nan
5267.200000 0.998281 nan
5268.000000 0.999012 nan
5268.800000 0.997069 nan
5269.600000 0.991174 nan
5270.400000 0.988521 nan
5271.200000 1.007175 nan
5272.000000 1.002729 nan
5272.800000 1.003031 nan
5273.600000 0.998007 nan
5274.400000 0.976392 nan
5275.200000 0.997094 nan
5276.000000 0.982836 nan
5276.800000 0.981232 nan
5277.600000 0.987821 nan
5278.400000 0.989523 nan
5279.200000 0.994865 nan
5280.000000 0.986114 nan
5280.800000 0.989922 nan
5281.600000 0.990733 nan
5282.400000 0.982884 nan
5283.200000 0.980211 nan
5284.000000 0.971365 nan
5284.800000 0.963808 nan
5285.600000 0.973993 nan
5286.400000 0.986806 nan
5287.200000 0.979113 nan
5288.000000 0.977528 nan
5288.800000 0.977543 nan
5289.600000 0.968079 nan
5290.400000 0.964310 nan
5291.200000 0.974951 nan
5292.000000 0.971457 nan
5292.800000 0.953729 nan
5293.600000 0.962983 nan
5294.400000 0.970719 nan
5295.200000 0.967273 nan
5296.000000 0.981225 nan
5296.800000 0.965359 nan
5297.600000 0.966111 nan
5298.400000 0.972672 nan
5299.200000 0.968748 nan
5300.000000 0.951265 nan
5300.800000 0.949302 nan
5301.600000 0.956626 nan
5302.400000 0.958260 nan
5303.200000 0.954676 nan
5304.000000 0.952419 nan
5304.800000 0.952731 nan
5305.600000 0.959126 nan
5306.400000 0.961818 nan
5307.200000 0.961995 nan
5308.000000 0.962818 nan
5308.800000 0.963879 nan
5309.600000 0.961557 nan
5310.400000 0.960996 nan
5311.200000 0.953007 nan
5312.000000 0.945296 nan
5312.800000 0.951738 nan
5313.600000 0.935076 nan
5314.400000 0.943716 nan
5315.200000 0.941832 nan
5316.000000 0.931809 nan
5316.800000 0.936658 nan
5317.600000 0.949818 nan
5318.400000 0.947347 nan
5319.200000 0.951828 nan
5320.000000 0.952936 nan
5320.800000 0.942933 nan
5321.600000 0.942654 nan
5322.400000 0.949430 nan
5323.200000 0.951606 nan
5324.000000 0.945052 nan
5324.800000 0.940439 nan
5325.600000 0.954750 nan
5326.400000 0.956314 nan
5327.200000 0.962545 nan
5328.000000 0.960032 nan
5328.800000 0.956737 nan
5329.600000 0.967683 nan
5330.400000 0.969440 nan
5331.200000 0.961145 nan
5332.000000 0.959410 nan
5332.800000 0.961720 nan
5333.600000 0.963917 nan
5334.400000 0.973265 nan
5335.200000 0.978541 nan
5336.000000 0.978932 nan
5336.800000 0.982915 nan
5337.600000 0.991093 nan
5338.400000 0.993311 nan
5339.200000 0.996108 nan
5340.000000 0.985921 nan
5340.800000 0.981945 nan
5341.600000 0.987156 nan
5342.400000 0.988134 nan
5343.200000 0.976672 nan
5344.000000 0.993258 nan
5344.800000 0.994498 nan
5345.600000 0.984180 nan
5346.400000 0.984107 nan
5347.200000 0.989881 nan
5348.000000 0.990003 nan
5348.800000 0.998003 nan
5349.600000 1.002273 nan
5350.400000 0.995181 nan
5351.200000 0.990118 nan
5352.000000 0.987339 nan
5352.800000 0.993344 nan
5353.600000 0.998837 nan
5354.400000 1.001007 nan
5355.200000 1.008245 nan
5356.000000 1.030838 nan
5356.800000 1.020355 nan
5357.600000 1.002372 nan
5358.400000 1.001574 nan
5359.200000 1.016586 nan
5360.000000 0.995854 nan
5360.800000 1.006318 nan
5361.600000 1.005054 nan
5362.400000 1.010086 nan
5363.200000 1.026615 nan
5364.000000 1.004607 nan
5364.800000 1.022543 nan
5365.600000 1.022699 nan
5366.400000 1.012930 nan
5367.200000 1.011019 nan
5368.000000 1.021658 nan
5368.800000 1.028245 nan
5369.600000 1.026438 nan
5370.400000 1.019898 nan
5371.200000 1.018642 nan
5372.000000 1.026865 nan
5372.800000 1.020891 nan
5373.600000 1.027914 nan
5374.400000 1.034946 nan
5375.200000 1.032378 nan
5376.000000 1.024839 nan
5376.800000 1.033579 nan
5377.600000 1.015085 nan
5378.400000 1.020852 nan
5379.200000 1.026794 nan
5380.000000 1.017210 nan
5380.800000 1.013641 nan
5381.600000 1.018512 nan
5382.400000 1.024072 nan
5383.200000 1.019877 nan
5384.000000 1.012561 nan
5384.800000 1.014085 nan
5385.600000 1.013432 nan
5386.400000 1.024106 nan
5387.200000 1.018742 nan
5388.000000 1.012546 nan
5388.800000 1.018121 nan
5389.600000 1.000609 nan
5390.400000 1.011370 nan
5391.200000 1.015645 nan
5392.000000 1.018034 nan
5392.800000 1.025147 nan
5393.600000 1.028301 nan
5394.400000 1.050679 nan
5395.200000 1.027956 nan
5396.000000 1.019423 nan
5396.800000 1.033795 nan
5397.600000 1.027788 nan
5398.400000 1.018639 nan
5399.200000 1.019068 nan
5400.000000 1.017386 nan
5400.800000 1.009782 nan
5401.600000 1.002207 nan
5402.400000 1.007898 nan
5403.200000 1.003610 nan
5404.000000 1.009378 nan
5404.800000 1.019245 nan
5405.600000 1.021759 nan
5406.400000 1.014964 nan
5407.200000 0.998246 nan
5408.000000 0.993900 nan
5408.800000 0.994553 nan
5409.600000 1.002497 nan
5410.400000 1.023189 nan
5411.200000 0.996203 nan
5412.000000 0.995452 nan
5412.800000 1.014413 nan
5413.600000 1.019760 nan
5414.400000 0.995740 nan
5415.200000 0.998625 nan
5416.000000 0.983470 nan
5416.800000 0.978834 nan
5417.600000 0.988625 nan
5418.400000 0.999425 nan
5419.200000 0.992850 nan
5420.000000 0.992585 nan
5420.800000 0.992013 nan
5421.600000 0.984689 nan
5422.400000 0.984085 nan
5423.200000 1.006765 nan
5424.000000 0.969463 nan
5424.800000 0.974152 nan
5425.600000 0.981116 nan
5426.400000 0.970598 nan
5427.200000 0.961518 nan
5428.000000 0.973553 nan
5428.800000 0.985327 nan
5429.600000 0.983045 nan
5430.400000 0.978042 nan
5431.200000 0.979210 nan
5432.000000 0.972690 nan
5432.800000 0.982734 nan
5433.600000 0.964407 nan
5434.400000 0.954415 nan
5435.200000 0.969584 nan
5436.000000 0.966432 nan
5436.800000 0.963105 nan
5437.600000 0.964175 nan
5438.400000 0.960424 nan
5439.200000 0.959589 nan
5440.000000 0.974886 nan
5440.800000 0.970808 nan
5441.600000 0.969816 nan
5442.400000 0.965348 nan
5443.200000 0.958588 nan
5444.000000 0.958248 nan
5444.800000 0.968222 nan
5445.600000 0.974331 nan
5446.400000 0.967048 nan
5447.200000 0.963064 nan
5448.000000 0.968498 nan
5448.800000 0.964501 nan
5449.600000 0.974759 nan
5450.400000 0.964632 nan
5451.200000 0.960353 nan
5452.000000 0.968982 nan
5452.800000 0.968969 nan
5453.600000 0.962826 nan
5454.400000 0.969150 nan
5455.200000 0.971557 nan
5456.000000 0.968683 nan
5456.800000 0.972013 nan
5457.600000 0.986937 nan
5458.400000 0.977734 nan
5459.200000 0.971927 nan
5460.000000 0.981646 nan
5460.800000 0.992833 nan
5461.600000 0.971023 nan
5462.400000 0.994564 nan
5463.200000 0.988426 nan
5464.000000 0.981682 nan
5464.800000 0.990696 nan
5465.600000 0.983966 nan
5466.400000 0.985654 nan
5467.200000 0.972997 nan
5468.000000 0.965107 nan
5468.800000 0.969467 nan
5469.600000 0.980682 nan
5470.400000 0.986395 nan
5471.200000 0.983382 nan
5472.000000 0.984122 nan
5472.800000 0.985696 nan
5473.600000 0.984228 nan
5474.400000 0.987434 nan
5475.200000 0.973085 nan
5476.000000 0.975013 nan
5476.800000 0.982281 nan
5477.600000 0.980989 nan
5478.400000 0.976318 nan
5479.200000 0.985047 nan
5480.000000 0.985714 nan
5480.800000 0.993318 nan
5481.600000 0.997781 nan
5482.400000 0.978954 nan
5483.200000 0.993204 nan
5484.000000 0.993490 nan
5484.800000 0.991476 nan
5485.600000 0.991246 nan
5486.400000 0.990126 nan
5487.200000 0.992224 nan
5488.000000 0.998101 nan
5488.800000 0.999145 nan
5489.600000 0.994862 nan
5490.400000 0.994692 nan
5491.200000 1.010306 nan
5492.000000 0.997416 nan
5492.800000 0.990774 nan
5493.600000 0.999543 nan
5494.400000 1.007690 nan
5495.200000 0.990515 nan
5496.000000 0.976205 nan
5496.800000 0.974292 nan
5497.600000 0.984884 nan
5498.400000 0.999876 nan
5499.200000 1.009202 nan
5500.000000 1.013490 nan
5500.800000 1.001248 nan
5501.600000 0.984240 nan
5502.400000 0.981719 nan
5503.200000 0.993284 nan
5504.000000 0.985853 nan
5504.800000 0.998571 nan
5505.600000 0.998640 nan
5506.400000 0.998992 nan
5507.200000 1.004996 nan
5508.000000 1.000858 nan
5508.800000 0.996958 nan
5509.600000 0.995254 nan
5510.400000 1.002386 nan
5511.200000 1.009315 nan
5512.000000 1.000745 nan
5512.800000 0.992350 nan
5513.600000 0.992927 nan
5514.400000 1.000280 nan
5515.200000 1.002553 nan
5516.000000 0.994423 nan
5516.800000 0.989431 nan
5517.600000 1.002367 nan
5518.400000 1.018724 nan
5519.200000 1.014032 nan
5520.000000 0.991385 nan
5520.800000 0.986081 nan
5521.600000 1.005933 nan
5522.400000 0.996244 nan
5523.200000 1.003097 nan
5524.000000 1.013247 nan
5524.800000 0.980379 nan
5525.600000 0.997182 nan
5526.400000 1.005789 nan
5527.200000 0.987986 nan
5528.000000 0.981400 nan
5528.800000 1.008869 nan
5529.600000 0.992541 nan
5530.400000 1.005272 nan
5531.200000 1.005139 nan
5532.000000 0.992050 nan
5532.800000 0.978498 nan
5533.600000 0.972374 nan
5534.400000 0.990904 nan
5535.200000 0.993114 nan
5536.000000 0.999146 nan
5536.800000 1.007448 nan
5537.600000 0.988833 nan
5538.400000 0.962620 nan
5539.200000 0.962269 nan
5540.000000 0.971901 nan
5540.800000 0.982742 nan
5541.600000 0.990140 nan
5542.400000 0.981800 nan
5543.200000 0.966834 nan
5544.000000 0.977547 nan
5544.800000 0.987943 nan
5545.600000 0.974061 nan
5546.400000 0.958695 nan
5547.200000 0.974323 nan
5548.000000 0.971709 nan
5548.800000 0.979609 nan
5549.600000 0.996234 nan
5550.400000 0.978454 nan
5551.200000 0.986284 nan
5552.000000 0.984085 nan
5552.800000 0.979491 nan
5553.600000 0.983038 nan
5554.400000 0.991995 nan
5555.200000 0.974999 nan
5556.000000 0.956934 nan
5556.800000 0.959766 nan
5557.600000 0.964099 nan
5558.400000 0.956239 nan
5559.200000 0.967707 nan
5560.000000 0.972772 nan
5560.800000 0.958888 nan
5561.600000 0.950330 nan
5562.400000 0.967033 nan
5563.200000 0.997674 nan
5564.000000 0.971417 nan
5564.800000 0.970883 nan
5565.600000 0.973646 nan
5566.400000 0.966928 nan
5567.200000 0.968833 nan
5568.000000 1.005417 nan
5568.800000 0.987270 nan
5569.600000 0.980420 nan
5570.400000 0.982641 nan
5571.200000 0.973280 nan
5572.000000 0.987828 nan
5572.800000 0.963786 nan
5573.600000 0.971133 nan
5574.400000 0.980645 nan
5575.200000 0.971257 nan
5576.000000 0.981812 nan
5576.800000 0.980058 nan
5577.600000 0.969977 nan
5578.400000 0.966482 nan
5579.200000 0.968833 nan
5580.000000 0.962043 nan
5580.800000 0.954415 nan
5581.600000 0.953047 nan
5582.400000 0.962942 nan
5583.200000 0.969923 nan
5584.000000 0.961056 nan
5584.800000 0.963526 nan
5585.600000 0.970419 nan
5586.400000 0.975021 nan
5587.200000 0.969870 nan
5588.000000 0.957935 nan
5588.800000 0.961095 nan
5589.600000 0.980234 nan
5590.400000 0.977230 nan
5591.200000 0.969150 nan
5592.000000 0.963901 nan
5592.800000 0.951952 nan
5593.600000 0.950967 nan
5594.400000 0.964804 nan
5595.200000 0.965946 nan
5596.000000 0.959932 nan
5596.800000 0.963863 nan
5597.600000 0.950716 nan
5598.400000 0.956392 nan
5599.200000 0.966219 nan
5600.000000 0.969071 nan
5600.800000 0.961503 nan
5601.600000 0.951614 nan
5602.400000 0.970733 nan
5603.200000 0.975671 nan
5604.000000 0.968317 nan
5604.800000 0.965288 nan
5605.600000 0.975257 nan
5606.400000 0.954673 nan
5607.200000 0.950026 nan
5608.000000 0.952174 nan
5608.800000 0.957045 nan
5609.600000 0.965866 nan
5610.400000 0.952625 nan
5611.200000 0.959452 nan
5612.000000 0.957001 nan
5612.800000 0.954045 nan
5613.600000 0.964114 nan
5614.400000 0.958924 nan
5615.200000 0.961866 nan
5616.000000 0.958516 nan
5616.800000 0.954772 nan
5617.600000 0.961083 nan
5618.400000 0.976048 nan
5619.200000 0.968908 nan
5620.000000 0.955323 nan
5620.800000 0.950072 nan
5621.600000 0.952210 nan
5622.400000 0.952479 nan
5623.200000 0.960578 nan
5624.000000 0.958076 nan
5624.800000 0.967793 nan
5625.600000 0.979477 nan
5626.400000 0.968427 nan
5627.200000 0.952910 nan
5628.000000 0.942646 nan
5628.800000 0.946610 nan
5629.600000 0.952218 nan
5630.400000 0.953905 nan
5631.200000 0.966692 nan
5632.000000 0.969062 nan
5632.800000 0.955630 nan
5633.600000 0.959149 nan
5634.400000 0.973224 nan
5635.200000 0.957918 nan
5636.000000 0.959436 nan
5636.800000 0.957098 nan
5637.600000 0.954290 nan
5638.400000 0.948129 nan
5639.200000 0.933823 nan
5640.000000 0.927158 nan
5640.800000 0.940809 nan
5641.600000 0.944769 nan
5642.400000 0.947129 nan
5643.200000 0.960052 nan
5644.000000 0.965508 nan
5644.800000 0.944503 nan
5645.600000 0.947370 nan
5646.400000 0.952764 nan
5647.200000 0.945951 nan
5648.000000 0.942311 nan
5648.800000 0.942730 nan
5649.600000 0.923327 nan
5650.400000 0.926481 nan
5651.200000 0.945582 nan
5652.000000 0.943086 nan
5652.800000 0.943565 nan
5653.600000 0.944821 nan
5654.400000 0.945070 nan
5655.200000 0.934772 nan
5656.000000 0.917160 nan
5656.800000 0.931850 nan
5657.600000 0.947308 nan
5658.400000 0.952849 nan
5659.200000 0.947034 nan
5660.000000 0.940727 nan
5660.800000 0.952047 nan
5661.600000 0.945452 nan
5662.400000 0.939610 nan
5663.200000 0.944003 nan
5664.000000 0.946729 nan
5664.800000 0.932042 nan
5665.600000 0.939002 nan
5666.400000 0.933739 nan
5667.200000 0.932969 nan
5668.000000 0.935269 nan
5668.800000 0.936268 nan
5669.600000 0.953818 nan
5670.400000 0.949344 nan
5671.200000 0.946229 nan
5672.000000 0.937978 nan
5672.800000 0.924769 nan
5673.600000 0.936589 nan
5674.400000 0.937313 nan
5675.200000 0.942716 nan
5676.000000 0.944804 nan
5676.800000 0.936264 nan
5677.600000 0.920498 nan
5678.400000 0.923341 nan
5679.200000 0.941289 nan
5680.000000 0.942320 nan
5680.800000 0.930787 nan
5681.600000 0.930685 nan
5682.400000 0.939873 nan
5683.200000 0.939626 nan
5684.000000 0.939206 nan
5684.800000 0.939714 nan
5685.600000 0.939515 nan
5686.400000 0.941036 nan
5687.200000 0.941209 nan
5688.000000 0.930930 nan
5688.800000 0.931395 nan
5689.600000 0.941312 nan
5690.400000 0.928261 nan
5691.200000 0.925210 nan
5692.000000 0.931265 nan
5692.800000 0.931790 nan
5693.600000 0.927973 nan
5694.400000 0.932097 nan
5695.200000 0.942577 nan
5696.000000 0.933962 nan
5696.800000 0.933538 nan
5697.600000 0.940184 nan
5698.400000 0.939895 nan
5699.200000 0.931037 nan
5700.000000 0.929293 nan
5700.800000 0.937639 nan
5701.600000 0.942141 nan
5702.400000 0.937854 nan
5703.200000 0.937020 nan
5704.000000 0.936370 nan
5704.800000 0.929946 nan
5705.600000 0.931201 nan
5706.400000 0.938246 nan
5707.200000 0.937149 nan
5708.000000 0.936817 nan
5708.800000 0.931800 nan
5709.600000 0.926431 nan
5710.400000 0.926444 nan
5711.200000 0.933089 nan
5712.000000 0.934692 nan
5712.800000 0.933639 nan
5713.600000 0.932910 nan
5714.400000 0.937567 nan
5715.200000 0.946255 nan
5716.000000 0.945045 nan
5716.800000 0.944705 nan
5717.600000 0.950055 nan
5718.400000 0.950237 nan
5719.200000 0.950421 nan
5720.000000 0.963658 nan
5720.800000 0.946739 nan
5721.600000 0.959551 nan
5722.400000 0.962350 nan
5723.200000 0.953467 nan
5724.000000 0.956683 nan
5724.800000 0.959798 nan
5725.600000 0.960915 nan
5726.400000 0.966434 nan
5727.200000 0.967452 nan
5728.000000 0.960462 nan
5728.800000 0.963627 nan
5729.600000 0.975360 nan
5730.400000 0.972130 nan
5731.200000 0.960199 nan
5732.000000 0.962876 nan
5732.800000 0.992402 nan
5733.600000 0.970151 nan
5734.400000 0.987964 nan
5735.200000 0.987526 nan
5736.000000 0.971731 nan
5736.800000 0.983074 nan
5737.600000 0.964563 nan
5738.400000 0.972268 nan
5739.200000 0.982822 nan
5740.000000 0.986568 nan
5740.800000 0.985504 nan
5741.600000 0.983633 nan
5742.400000 0.995689 nan
5743.200000 0.993276 nan
5744.000000 0.988930 nan
5744.800000 0.993320 nan
5745.600000 0.996002 nan
5746.400000 0.994061 nan
5747.200000 0.983545 nan
5748.000000 0.982283 nan
5748.800000 0.991334 nan
5749.600000 0.997415 nan
5750.400000 1.005203 nan
5751.200000 1.002454 nan
5752.000000 0.989205 nan
5752.800000 0.985272 nan
5753.600000 1.001390 nan
5754.400000 1.002684 nan
5755.200000 1.001719 nan
5756.000000 1.000691 nan
5756.800000 0.998274 nan
5757.600000 0.994788 nan
5758.400000 0.995405 nan
5759.200000 1.009892 nan
5760.000000 1.001720 nan
5760.800000 0.993569 nan
5761.600000 0.993648 nan
5762.400000 0.988993 nan
5763.200000 0.999960 nan
5764.000000 0.996761 nan
5764.800000 0.995139 nan
5765.600000 0.995888 nan
5766.400000 0.993067 nan
5767.200000 1.000709 nan
5768.000000 1.001574 nan
5768.800000 0.995200 nan
5769.600000 0.992892 nan
5770.400000 0.996579 nan
5771.200000 0.987855 nan
5772.000000 0.986894 nan
5772.800000 1.005465 nan
5773.600000 1.016870 nan
5774.400000 1.013998 nan
5775.200000 1.018146 nan
5776.000000 1.002603 nan
5776.800000 1.007834 nan
5777.600000 1.009075 nan
5778.400000 1.002756 nan
5779.200000 1.004889 nan
5780.000000 1.010718 nan
5780.800000 1.007750 nan
5781.600000 0.993460 nan
5782.400000 0.987897 nan
5783.200000 0.999797 nan
5784.000000 0.996970 nan
5784.800000 1.004853 nan
5785.600000 0.997372 nan
5786.400000 0.991918 nan
5787.200000 0.999274 nan
5788.000000 1.005785 nan
5788.800000 1.015357 nan
5789.600000 1.017747 nan
5790.400000 1.005966 nan
5791.200000 0.989924 nan
5792.000000 0.989493 nan
5792.800000 0.996765 nan
5793.600000 0.983690 nan
5794.400000 0.992201 nan
5795.200000 1.005786 nan
5796.000000 0.995414 nan
5796.800000 0.998175 nan
5797.600000 0.997395 nan
5798.400000 0.993541 nan
5799.200000 0.996266 nan
5800.000000 1.004420 nan
5800.800000 0.999072 nan
5801.600000 1.005361 nan
5802.400000 0.992176 nan
5803.200000 0.990358 nan
5804.000000 0.997729 nan
5804.800000 0.979745 nan
5805.600000 0.984201 nan
5806.400000 0.996085 nan
5807.200000 1.003357 nan
5808.000000 0.999126 nan
5808.800000 0.989532 nan
5809.600000 0.999714 nan
5810.400000 0.990878 nan
5811.200000 0.985146 nan
5812.000000 0.999830 nan
5812.800000 1.020783 nan
5813.600000 0.995072 nan
5814.400000 0.986640 nan
5815.200000 0.995698 nan
5816.000000 1.010094 nan
5816.800000 1.021754 nan
5817.600000 1.025541 nan
5818.400000 1.001454 nan
5819.200000 0.987830 nan
5820.000000 1.001334 nan
5820.800000 1.021844 nan
5821.600000 1.019363 nan
5822.400000 1.006966 nan
5823.200000 1.010599 nan
5824.000000 1.007332 nan
5824.800000 1.007261 nan
5825.600000 1.016430 nan
5826.400000 1.001354 nan
5827.200000 1.010106 nan
5828.000000 1.008552 nan
5828.800000 1.002284 nan
5829.600000 1.003957 nan
5830.400000 1.012131 nan
5831.200000 1.004859 nan
5832.000000 1.008587 nan
5832.800000 1.003855 nan
5833.600000 0.994335 nan
5834.400000 1.000939 nan
5835.200000 0.999814 nan
5836.000000 0.996219 nan
5836.800000 1.004849 nan
5837.600000 1.007305 nan
5838.400000 0.991562 nan
5839.200000 1.004063 nan
5840.000000 1.011375 nan
5840.800000 1.000971 nan
5841.600000 0.993642 nan
5842.400000 1.002988 nan
5843.200000 1.013503 nan
5844.000000 1.008172 nan
5844.800000 1.010192 nan
5845.600000 1.018174 nan
5846.400000 1.017217 nan
5847.200000 1.000179 nan
5848.000000 1.014806 nan
5848.800000 1.018069 nan
5849.600000 1.016469 nan
5850.400000 1.012836 nan
5851.200000 1.008190 nan
5852.000000 1.018029 nan
5852.800000 1.025642 nan
5853.600000 1.005139 nan
5854.400000 1.000412 nan
5855.200000 1.027843 nan
5856.000000 1.016137 nan
5856.800000 1.005057 nan
5857.600000 1.010260 nan
5858.400000 1.015480 nan
5859.200000 1.020042 nan
5860.000000 1.037748 nan
5860.800000 1.020371 nan
5861.600000 1.024172 nan
5862.400000 1.028252 nan
5863.200000 1.025558 nan
5864.000000 1.025024 nan
5864.800000 1.022677 nan
5865.600000 1.023383 nan
5866.400000 1.026438 nan
5867.200000 1.027355 nan
5868.000000 1.022613 nan
5868.800000 1.013980 nan
5869.600000 1.017609 nan
5870.400000 1.022846 nan
5871.200000 1.018419 nan
5872.000000 1.009696 nan
5872.800000 1.017712 nan
5873.600000 1.024940 nan
5874.400000 1.021112 nan
5875.200000 1.022799 nan
5876.000000 1.026932 nan
5876.800000 1.019438 nan
5877.600000 1.024646 nan
5878.400000 1.021695 nan
5879.200000 1.023775 nan
5880.000000 1.022496 nan
5880.800000 1.011730 nan
5881.600000 1.022296 nan
5882.400000 1.032558 nan
5883.200000 1.017569 nan
5884.000000 1.013686 nan
5884.800000 1.033487 nan
5885.600000 1.031149 nan
5886.400000 1.024980 nan
5887.200000 1.021222 nan
5888.000000 1.027481 nan
5888.800000 1.034530 nan
5889.600000 1.024081 nan
5890.400000 1.021232 nan
5891.200000 1.006170 nan
5892.000000 1.010872 nan
5892.800000 1.025436 nan
5893.600000 1.025064 nan
5894.400000 1.029790 nan
5895.200000 1.034413 nan
5896.000000 1.037235 nan
5896.800000 1.033547 nan
5897.600000 1.027328 nan
5898.400000 1.034940 nan
5899.200000 1.025390 nan
5900.000000 1.024951 nan
5900.800000 1.029331 nan
5901.600000 1.033938 nan
5902.400000 1.039140 nan
5903.200000 1.030355 nan
5904.000000 1.021851 nan
5904.800000 1.023677 nan
5905.600000 1.030396 nan
5906.400000 1.032090 nan
5907.200000 1.035135 nan
5908.000000 1.020327 nan
5908.800000 1.024683 nan
5909.600000 1.041117 nan
5910.400000 1.042916 nan
5911.200000 1.015738 nan
5912.000000 1.010664 nan
5912.800000 1.020352 nan
5913.600000 1.030545 nan
5914.400000 1.027087 nan
5915.200000 1.007837 nan
5916.000000 1.033804 nan
5916.800000 1.039133 nan
5917.600000 1.025233 nan
5918.400000 1.020008 nan
5919.200000 1.037450 nan
5920.000000 1.013967 nan
5920.800000 1.016375 nan
5921.600000 1.018248 nan
5922.400000 1.019300 nan
5923.200000 1.026487 nan
5924.000000 1.015444 nan
5924.800000 1.002422 nan
5925.600000 1.009575 nan
5926.400000 1.020542 nan
5927.200000 1.023144 nan
5928.000000 1.025898 nan
5928.800000 1.013548 nan
5929.600000 1.012892 nan
5930.400000 1.020990 nan
5931.200000 1.028663 nan
5932.000000 1.028087 nan
5932.800000 1.022135 nan
5933.600000 1.017889 nan
5934.400000 1.021811 nan
5935.200000 1.024369 nan
5936.000000 1.018796 nan
5936.800000 1.028082 nan
5937.600000 1.021453 nan
5938.400000 1.012201 nan
5939.200000 1.013999 nan
5940.000000 1.023903 nan
5940.800000 1.016385 nan
5941.600000 1.005809 nan
5942.400000 1.007997 nan
5943.200000 1.017611 nan
5944.000000 1.025063 nan
5944.800000 1.021889 nan
5945.600000 1.017650 nan
5946.400000 1.007672 nan
5947.200000 1.020473 nan
5948.000000 1.037732 nan
5948.800000 1.025979 nan
5949.600000 1.022640 nan
5950.400000 1.033527 nan
5951.200000 1.029541 nan
5952.000000 1.024355 nan
5952.800000 1.026274 nan
5953.600000 1.003445 nan
5954.400000 1.010455 nan
5955.200000 1.029134 nan
5956.000000 1.031758 nan
5956.800000 1.017055 nan
5957.600000 1.016089 nan
5958.400000 1.020471 nan
5959.200000 1.024128 nan
5960.000000 1.025534 nan
5960.800000 1.028613 nan
5961.600000 1.033701 nan
5962.400000 1.021251 nan
5963.200000 1.041653 nan
5964.000000 1.036588 nan
5964.800000 1.023843 nan
5965.600000 1.032839 nan
5966.400000 1.019530 nan
5967.200000 1.026966 nan
5968.000000 1.029113 nan
5968.800000 1.024790 nan
5969.600000 1.021918 nan
5970.400000 1.024059 nan
5971.200000 1.018230 nan
5972.000000 1.013866 nan
5972.800000 1.016012 nan
5973.600000 1.022460 nan
5974.400000 1.024844 nan
5975.200000 1.019259 nan
5976.000000 1.022604 nan
5976.800000 1.031235 nan
5977.600000 1.028925 nan
5978.400000 1.012702 nan
5979.200000 1.026999 nan
5980.000000 1.027717 nan
5980.800000 1.027506 nan
5981.600000 1.023994 nan
5982.400000 1.014451 nan
5983.200000 1.012096 nan
5984.000000 1.023774 nan
5984.800000 1.023864 nan
5985.600000 1.027573 nan
5986.400000 1.034448 nan
5987.200000 1.021748 nan
5988.000000 1.003417 nan
5988.800000 1.022437 nan
5989.600000 1.025786 nan
5990.400000 1.018474 nan
5991.200000 1.031233 nan
5992.000000 1.021121 nan
5992.800000 1.029547 nan
5993.600000 1.029478 nan
5994.400000 1.023368 nan
5995.200000 1.016437 nan
5996.000000 0.995911 nan
5996.800000 1.032940 nan
5997.600000 1.024759 nan
5998.400000 1.020272 nan
5999.200000 1.041266 nan
6000.000000 1.029559 nan
