3600.000000 0.962853 nan
3600.800000 0.962681 nan
3601.600000 0.954736 nan
3602.400000 0.950991 nan
3603.200000 0.962206 nan
3604.000000 0.964279 nan
3604.800000 0.967132 nan
3605.600000 0.959334 nan
3606.400000 0.955123 nan
3607.200000 0.956615 nan
3608.000000 0.950967 nan
3608.800000 0.955902 nan
3609.600000 0.973524 nan
3610.400000 0.976096 nan
3611.200000 0.972720 nan
3612.000000 0.965723 nan
3612.800000 0.966840 nan
3613.600000 0.980629 nan
3614.400000 0.966351 nan
3615.200000 0.956384 nan
3616.000000 0.967585 nan
3616.800000 0.980625 nan
3617.600000 0.975068 nan
3618.400000 0.968828 nan
3619.200000 0.981173 nan
3620.000000 0.969354 nan
3620.800000 0.971393 nan
3621.600000 0.962871 nan
3622.400000 0.961719 nan
3623.200000 0.958672 nan
3624.000000 0.955440 nan
3624.800000 0.963460 nan
3625.600000 0.966973 nan
3626.400000 0.964539 nan
3627.200000 0.975403 nan
3628.000000 0.994286 nan
3628.800000 0.999743 nan
3629.600000 0.985436 nan
3630.400000 0.972108 nan
3631.200000 0.985026 nan
3632.000000 0.972989 nan
3632.800000 0.952497 nan
3633.600000 0.960189 nan
3634.400000 0.966943 nan
3635.200000 0.959765 nan
3636.000000 0.957698 nan
3636.800000 0.971371 nan
3637.600000 0.970488 nan
3638.400000 0.966629 nan
3639.200000 0.968174 nan
3640.000000 0.966544 nan
3640.800000 0.968666 nan
3641.600000 0.977442 nan
3642.400000 0.972662 nan
3643.200000 0.980244 nan
3644.000000 0.981249 nan
3644.800000 0.984092 nan
3645.600000 0.975261 nan
3646.400000 0.970641 nan
3647.200000 0.979532 nan
3648.000000 0.969534 nan
3648.800000 0.960491 nan
3649.600000 0.973582 nan
3650.400000 0.976126 nan
3651.200000 0.970323 nan
3652.000000 0.966590 nan
3652.800000 0.966592 nan
3653.600000 0.966070 nan
3654.400000 0.966822 nan
3655.200000 0.982405 nan
3656.000000 0.974896 nan
3656.800000 0.976088 nan
3657.600000 0.981953 nan
3658.400000 0.974304 nan
3659.200000 0.970413 nan
3660.000000 0.981964 nan
3660.800000 0.979343 nan
3661.600000 0.978068 nan
3662.400000 0.980130 nan
3663.200000 0.983973 nan
3664.000000 0.982514 nan
3664.800000 0.973192 nan
3665.600000 0.984114 nan
3666.400000 0.974623 nan
3667.200000 0.983397 nan
3668.000000 0.987619 nan
3668.800000 0.982063 nan
3669.600000 0.977915 nan
3670.400000 0.977265 nan
3671.200000 0.974473 nan
3672.000000 0.979567 nan
3672.800000 0.979570 nan
3673.600000 0.984048 nan
3674.400000 0.979830 nan
3675.200000 0.970484 nan
3676.000000 0.979164 nan
3676.800000 0.978070 nan
3677.600000 0.983538 nan
3678.400000 0.978933 nan
3679.200000 0.981080 nan
3680.000000 0.982359 nan
3680.800000 0.976486 nan
3681.600000 0.973597 nan
3682.400000 0.974650 nan
3683.200000 0.983907 nan
3684.000000 0.975590 nan
3684.800000 0.978194 nan
3685.600000 0.981448 nan
3686.400000 0.979907 nan
3687.200000 0.984786 nan
3688.000000 0.975121 nan
3688.800000 0.973854 nan
3689.600000 0.972748 nan
3690.400000 0.972107 nan
3691.200000 0.974230 nan
3692.000000 0.976776 nan
3692.800000 0.973937 nan
3693.600000 0.968653 nan
3694.400000 0.978230 nan
3695.200000 0.986376 nan
3696.000000 0.977708 nan
3696.800000 0.977342 nan
3697.600000 0.980970 nan
3698.400000 0.971366 nan
3699.200000 0.988342 nan
3700.000000 0.995401 nan
3700.800000 1.001211 nan
3701.600000 0.992294 nan
3702.400000 0.990062 nan
3703.200000 0.998179 nan
3704.000000 0.995672 nan
3704.800000 0.983659 nan
3705.600000 0.988869 nan
3706.400000 0.980594 nan
3707.200000 0.981600 nan
3708.000000 0.986805 nan
3708.800000 0.986140 nan
3709.600000 0.982648 nan
3710.400000 0.985722 nan
3711.200000 0.985913 nan
3712.000000 0.986406 nan
3712.800000 0.985880 nan
3713.600000 0.982311 nan
3714.400000 0.979209 nan
3715.200000 0.982254 nan
3716.000000 0.992093 nan
3716.800000 1.005917 nan
3717.600000 0.997069 nan
3718.400000 0.984844 nan
3719.200000 0.987038 nan
3720.000000 0.994144 nan
3720.800000 0.993000 nan
3721.600000 0.994780 nan
3722.400000 1.000200 nan
3723.200000 0.999905 nan
3724.000000 0.996915 nan
3724.800000 0.991634 nan
3725.600000 0.988458 nan
3726.400000 0.995198 nan
3727.200000 1.011328 nan
3728.000000 1.016871 nan
3728.800000 1.044274 nan
3729.600000 1.048552 nan
3730.400000 1.044715 nan
3731.200000 1.047305 nan
3732.000000 1.048005 nan
3732.800000 1.027735 nan
3733.600000 0.993133 nan
3734.400000 1.000106 nan
3735.200000 1.003996 nan
3736.000000 0.996357 nan
3736.800000 0.992274 nan
3737.600000 0.996140 nan
3738.400000 0.994641 nan
3739.200000 0.991893 nan
3740.000000 0.977558 nan
3740.800000 0.978605 nan
3741.600000 0.980291 nan
3742.400000 0.979223 nan
3743.200000 0.982240 nan
3744.000000 0.987298 nan
3744.800000 0.979015 nan
3745.600000 0.981045 nan
3746.400000 0.975943 nan
3747.200000 0.974827 nan
3748.000000 0.971117 nan
3748.800000 0.965947 nan
3749.600000 0.975304 nan
3750.400000 0.977988 nan
3751.200000 0.968147 nan
3752.000000 0.967848 nan
3752.800000 0.973851 nan
3753.600000 0.980119 nan
3754.400000 0.980453 nan
3755.200000 0.976372 nan
3756.000000 0.986250 nan
3756.800000 0.986716 nan
3757.600000 0.991114 nan
3758.400000 0.993325 nan
3759.200000 0.996904 nan
3760.000000 0.997866 nan
3760.800000 0.990129 nan
3761.600000 0.999048 nan
3762.400000 1.000597 nan
3763.200000 1.014205 nan
3764.000000 1.007247 nan
3764.800000 0.998337 nan
3765.600000 1.008886 nan
3766.400000 1.023302 nan
3767.200000 1.013756 nan
3768.000000 1.013165 nan
3768.800000 1.017151 nan
3769.600000 1.014914 nan
3770.400000 1.011838 nan
3771.200000 1.013371 nan
3772.000000 1.015240 nan
3772.800000 1.010175 nan
3773.600000 1.008078 nan
3774.400000 1.014030 nan
3775.200000 0.999827 nan
3776.000000 0.994655 nan
3776.800000 0.999656 nan
3777.600000 0.991746 nan
3778.400000 0.991784 nan
3779.200000 0.983107 nan
3780.000000 0.988888 nan
3780.800000 0.991165 nan
3781.600000 0.990030 nan
3782.400000 0.989610 nan
3783.200000 0.990626 nan
3784.000000 0.995632 nan
3784.800000 0.998661 nan
3785.600000 0.987845 nan
3786.400000 0.991118 nan
3787.200000 0.992389 nan
3788.000000 0.988661 nan
3788.800000 0.989430 nan
3789.600000 0.986753 nan
3790.400000 0.998199 nan
3791.200000 0.988918 nan
3792.000000 0.988710 nan
3792.800000 0.986490 nan
3793.600000 0.982677 nan
3794.400000 0.985136 nan
3795.200000 0.981354 nan
3796.000000 0.986081 nan
3796.800000 0.987628 nan
3797.600000 0.985888 nan
3798.400000 0.981517 nan
3799.200000 0.989712 nan
3800.000000 1.014887 nan
3800.800000 1.024222 nan
3801.600000 1.017176 nan
3802.400000 1.023823 nan
3803.200000 1.009226 nan
3804.000000 1.003585 nan
3804.800000 1.010951 nan
3805.600000 1.014804 nan
3806.400000 1.014320 nan
3807.200000 1.006879 nan
3808.000000 0.996424 nan
3808.800000 0.986418 nan
3809.600000 0.997244 nan
3810.400000 1.010643 nan
3811.200000 1.012408 nan
3812.000000 1.027590 nan
3812.800000 1.036430 nan
3813.600000 1.031763 nan
3814.400000 1.018868 nan
3815.200000 1.012971 nan
3816.000000 1.019513 nan
3816.800000 1.026716 nan
3817.600000 1.014931 nan
3818.400000 1.003102 nan
3819.200000 1.017810 nan
3820.000000 1.020577 nan
3820.800000 1.021111 nan
3821.600000 1.020381 nan
3822.400000 1.016999 nan
3823.200000 1.018008 nan
3824.000000 1.011345 nan
3824.800000 1.007279 nan
3825.600000 1.007901 nan
3826.400000 1.011328 nan
3827.200000 1.010559 nan
3828.000000 1.009024 nan
3828.800000 1.017434 nan
3829.600000 1.021896 nan
3830.400000 1.023082 nan
3831.200000 1.026046 nan
3832.000000 1.034152 nan
3832.800000 1.034219 nan
3833.600000 1.023501 nan
3834.400000 1.019984 nan
3835.200000 1.030246 nan
3836.000000 1.014928 nan
3836.800000 1.014722 nan
3837.600000 1.019990 nan
3838.400000 1.014108 nan
3839.200000 1.004973 nan
3840.000000 1.010796 nan
3840.800000 1.013937 nan
3841.600000 1.008709 nan
3842.400000 1.020274 nan
3843.200000 1.026851 nan
3844.000000 1.021292 nan
3844.800000 1.019614 nan
3845.600000 1.028223 nan
3846.400000 1.018071 nan
3847.200000 1.063475 nan
3848.000000 1.023321 nan
3848.800000 1.010470 nan
3849.600000 1.010474 nan
3850.400000 1.013556 nan
3851.200000 1.026131 nan
3852.000000 1.006615 nan
3852.800000 1.002358 nan
3853.600000 1.022650 nan
3854.400000 1.022285 nan
3855.200000 1.016859 nan
3856.000000 1.021218 nan
3856.800000 1.035319 nan
3857.600000 1.059754 nan
3858.400000 1.028898 nan
3859.200000 1.023029 nan
3860.000000 1.014721 nan
3860.800000 1.011210 nan
3861.600000 1.021910 nan
3862.400000 1.029269 nan
3863.200000 1.012273 nan
3864.000000 1.017944 nan
3864.800000 1.014790 nan
3865.600000 1.016199 nan
3866.400000 1.024248 nan
3867.200000 1.026595 nan
3868.000000 1.017470 nan
3868.800000 1.012692 nan
3869.600000 1.006878 nan
3870.400000 1.006482 nan
3871.200000 0.995811 nan
3872.000000 1.004316 nan
3872.800000 1.019142 nan
3873.600000 1.008668 nan
3874.400000 0.992439 nan
3875.200000 0.997050 nan
3876.000000 1.020647 nan
3876.800000 0.999687 nan
3877.600000 0.975120 nan
3878.400000 0.970078 nan
3879.200000 0.974073 nan
3880.000000 0.977885 nan
3880.800000 0.959714 nan
3881.600000 0.985853 nan
3882.400000 1.006839 nan
3883.200000 0.992062 nan
3884.000000 0.980709 nan
3884.800000 0.997877 nan
3885.600000 1.000897 nan
3886.400000 0.987900 nan
3887.200000 0.979572 nan
3888.000000 0.966742 nan
3888.800000 0.979742 nan
3889.600000 0.988567 nan
3890.400000 0.974272 nan
3891.200000 0.982132 nan
3892.000000 0.985987 nan
3892.800000 0.985254 nan
3893.600000 0.981282 nan
3894.400000 0.993661 nan
3895.200000 0.996044 nan
3896.000000 0.977089 nan
3896.800000 0.977613 nan
3897.600000 0.989244 nan
3898.400000 0.971170 nan
3899.200000 0.980697 nan
3900.000000 0.991047 nan
3900.800000 0.982292 nan
3901.600000 0.967909 nan
3902.400000 0.974911 nan
3903.200000 1.006395 nan
3904.000000 1.011847 nan
3904.800000 0.984908 nan
3905.600000 0.977561 nan
3906.400000 0.980194 nan
3907.200000 0.976153 nan
3908.000000 0.974213 nan
3908.800000 0.959275 nan
3909.600000 0.956185 nan
3910.400000 0.969646 nan
3911.200000 0.965825 nan
3912.000000 0.960516 nan
3912.800000 0.965047 nan
3913.600000 0.963303 nan
3914.400000 0.961319 nan
3915.200000 0.962592 nan
3916.000000 0.973996 nan
3916.800000 0.967693 nan
3917.600000 0.965607 nan
3918.400000 0.964636 nan
3919.200000 0.944017 nan
3920.000000 0.958091 nan
3920.800000 0.974247 nan
3921.600000 0.966514 nan
3922.400000 0.966917 nan
3923.200000 0.968090 nan
3924.000000 0.965872 nan
3924.800000 0.970380 nan
3925.600000 0.970285 nan
3926.400000 0.972553 nan
3927.200000 0.955329 nan
3928.000000 0.959502 nan
3928.800000 0.975840 nan
3929.600000 0.983101 nan
3930.400000 0.984364 nan
3931.200000 1.003394 nan
3932.000000 0.983450 nan
3932.800000 0.964658 nan
3933.600000 0.977111 nan
3934.400000 0.981021 nan
3935.200000 0.973785 nan
3936.000000 0.981876 nan
3936.800000 0.980039 nan
3937.600000 0.956937 nan
3938.400000 0.975388 nan
3939.200000 0.972982 nan
3940.000000 0.986657 nan
3940.800000 1.006063 nan
3941.600000 0.995251 nan
3942.400000 1.007002 nan
3943.200000 0.969942 nan
3944.000000 0.970299 nan
3944.800000 0.968251 nan
3945.600000 0.962782 nan
3946.400000 0.965653 nan
3947.200000 0.971410 nan
3948.000000 0.961938 nan
3948.800000 0.961762 nan
3949.600000 0.978989 nan
3950.400000 0.975241 nan
3951.200000 0.964692 nan
3952.000000 0.960066 nan
3952.800000 0.955121 nan
3953.600000 0.946261 nan
3954.400000 0.964747 nan
3955.200000 0.959698 nan
3956.000000 0.962220 nan
3956.800000 0.965465 nan
3957.600000 0.966299 nan
3958.400000 0.968059 nan
3959.200000 0.966652 nan
3960.000000 0.967687 nan
3960.800000 0.959811 nan
3961.600000 0.960874 nan
3962.400000 0.981708 nan
3963.200000 0.988559 nan
3964.000000 0.969668 nan
3964.800000 0.975370 nan
3965.600000 0.975444 nan
3966.400000 0.964740 nan
3967.200000 0.976909 nan
3968.000000 0.971331 nan
3968.800000 0.958990 nan
3969.600000 0.961031 nan
3970.400000 0.963049 nan
3971.200000 0.981361 nan
3972.000000 0.966693 nan
3972.800000 0.960173 nan
3973.600000 0.968613 nan
3974.400000 0.966491 nan
3975.200000 0.954966 nan
3976.000000 0.964262 nan
3976.800000 0.963985 nan
3977.600000 0.974695 nan
3978.400000 0.976755 nan
3979.200000 0.967918 nan
3980.000000 0.962365 nan
3980.800000 0.965035 nan
3981.600000 0.968700 nan
3982.400000 0.983601 nan
3983.200000 0.999712 nan
3984.000000 0.980757 nan
3984.800000 0.960990 nan
3985.600000 0.967065 nan
3986.400000 0.982335 nan
3987.200000 0.973939 nan
3988.000000 0.974607 nan
3988.800000 0.968559 nan
3989.600000 0.964742 nan
3990.400000 0.986698 nan
3991.200000 0.979181 nan
3992.000000 0.954463 nan
3992.800000 0.978951 nan
3993.600000 0.967195 nan
3994.400000 0.960443 nan
3995.200000 0.959040 nan
3996.000000 0.968693 nan
3996.800000 0.972435 nan
3997.600000 0.972504 nan
3998.400000 0.983643 nan
3999.200000 0.979131 nan
4000.000000 0.985411 nan
4000.800000 0.985222 nan
4001.600000 0.993351 nan
4002.400000 0.987928 nan
4003.200000 0.976549 nan
4004.000000 0.986483 nan
4004.800000 0.987321 nan
4005.600000 0.990567 nan
4006.400000 0.999953 nan
4007.200000 1.001624 nan
4008.000000 1.017672 nan
4008.800000 1.030333 nan
4009.600000 1.007013 nan
4010.400000 1.011676 nan
4011.200000 1.015326 nan
4012.000000 1.009459 nan
4012.800000 0.992051 nan
4013.600000 0.996112 nan
4014.400000 1.007201 nan
4015.200000 0.993687 nan
4016.000000 0.994101 nan
4016.800000 1.017677 nan
4017.600000 1.010914 nan
4018.400000 1.010889 nan
4019.200000 1.000455 nan
4020.000000 0.996982 nan
4020.800000 1.025919 nan
4021.600000 1.037375 nan
4022.400000 1.016955 nan
4023.200000 0.997332 nan
4024.000000 1.014585 nan
4024.800000 1.021390 nan
4025.600000 1.002710 nan
4026.400000 0.996190 nan
4027.200000 1.030296 nan
4028.000000 1.036515 nan
4028.800000 1.027626 nan
4029.600000 1.026548 nan
4030.400000 1.038055 nan
4031.200000 1.037954 nan
4032.000000 1.023767 nan
4032.800000 1.030495 nan
4033.600000 0.999059 nan
4034.400000 1.037010 nan
4035.200000 1.038462 nan
4036.000000 1.021777 nan
4036.800000 1.010129 nan
4037.600000 1.010061 nan
4038.400000 1.028933 nan
4039.200000 1.017801 nan
4040.000000 1.004392 nan
4040.800000 1.002502 nan
4041.600000 1.000705 nan
4042.400000 1.008842 nan
4043.200000 1.023831 nan
4044.000000 1.015476 nan
4044.800000 1.010017 nan
4045.600000 1.013326 nan
4046.400000 1.020963 nan
4047.200000 1.001025 nan
4048.000000 0.987421 nan
4048.800000 1.010751 nan
4049.600000 1.031539 nan
4050.400000 1.005011 nan
4051.200000 1.004330 nan
4052.000000 0.960648 nan
4052.800000 0.983072 nan
4053.600000 1.013614 nan
4054.400000 1.005465 nan
4055.200000 1.035661 nan
4056.000000 1.015079 nan
4056.800000 1.037929 nan
4057.600000 0.999874 nan
4058.400000 0.995452 nan
4059.200000 1.017070 nan
4060.000000 1.018384 nan
4060.800000 1.010268 nan
4061.600000 1.026781 nan
4062.400000 1.050008 nan
4063.200000 1.014416 nan
4064.000000 1.013705 nan
4064.800000 1.021346 nan
4065.600000 1.009428 nan
4066.400000 1.011271 nan
4067.200000 1.004228 nan
4068.000000 1.003586 nan
4068.800000 0.998616 nan
4069.600000 1.018581 nan
4070.400000 1.021203 nan
4071.200000 0.998179 nan
4072.000000 0.998058 nan
4072.800000 1.006833 nan
4073.600000 0.989905 nan
4074.400000 1.003182 nan
4075.200000 1.020572 nan
4076.000000 1.029297 nan
4076.800000 1.022210 nan
4077.600000 1.006261 nan
4078.400000 1.020872 nan
4079.200000 0.996982 nan
4080.000000 0.992025 nan
4080.800000 0.999888 nan
4081.600000 0.992471 nan
4082.400000 0.985528 nan
4083.200000 1.003336 nan
4084.000000 1.002442 nan
4084.800000 1.011023 nan
4085.600000 1.011186 nan
4086.400000 1.000218 nan
4087.200000 0.994061 nan
4088.000000 0.997465 nan
4088.800000 1.001432 nan
4089.600000 1.001168 nan
4090.400000 1.001806 nan
4091.200000 1.011636 nan
4092.000000 0.999347 nan
4092.800000 1.000405 nan
4093.600000 1.009663 nan
4094.400000 0.989221 nan
4095.200000 0.963683 nan
4096.000000 0.971703 nan
4096.800000 1.004986 nan
4097.600000 1.020039 nan
4098.400000 0.988013 nan
4099.200000 0.978201 nan
4100.000000 1.017826 nan
4100.800000 0.987993 nan
4101.600000 1.018204 nan
4102.400000 1.002784 nan
4103.200000 0.999335 nan
4104.000000 1.015087 nan
4104.800000 1.017124 nan
4105.600000 0.996545 nan
4106.400000 0.989025 nan
4107.200000 1.009116 nan
4108.000000 1.006184 nan
4108.800000 1.021423 nan
4109.600000 1.013708 nan
4110.400000 0.999606 nan
4111.200000 1.016717 nan
4112.000000 1.034796 nan
4112.800000 1.020546 nan
4113.600000 0.988750 nan
4114.400000 1.000159 nan
4115.200000 1.015949 nan
4116.000000 1.024560 nan
4116.800000 1.022371 nan
4117.600000 0.991104 nan
4118.400000 1.005984 nan
4119.200000 1.010736 nan
4120.000000 1.017093 nan
4120.800000 1.015652 nan
4121.600000 1.007244 nan
4122.400000 1.011825 nan
4123.200000 1.035768 nan
4124.000000 1.010026 nan
4124.800000 0.995449 nan
4125.600000 0.997507 nan
4126.400000 1.018366 nan
4127.200000 1.034939 nan
4128.000000 1.036795 nan
4128.800000 1.036643 nan
4129.600000 1.009881 nan
4130.400000 0.991567 nan
4131.200000 1.022286 nan
4132.000000 1.021111 nan
4132.800000 1.014292 nan
4133.600000 1.029721 nan
4134.400000 1.019258 nan
4135.200000 0.995640 nan
4136.000000 1.008738 nan
4136.800000 1.027208 nan
4137.600000 1.041356 nan
4138.400000 1.048202 nan
4139.200000 1.041344 nan
4140.000000 1.018070 nan
4140.800000 1.001010 nan
4141.600000 1.020215 nan
4142.400000 1.039456 nan
4143.200000 1.038621 nan
4144.000000 1.017722 nan
4144.800000 1.000976 nan
4145.600000 1.011468 nan
4146.400000 1.023782 nan
4147.200000 1.018301 nan
4148.000000 1.012413 nan
4148.800000 1.021743 nan
4149.600000 1.026677 nan
4150.400000 1.016045 nan
4151.200000 1.007612 nan
4152.000000 1.007652 nan
4152.800000 1.002020 nan
4153.600000 1.013489 nan
4154.400000 1.011997 nan
4155.200000 1.014712 nan
4156.000000 1.029292 nan
4156.800000 1.036997 nan
4157.600000 1.037005 nan
4158.400000 1.018343 nan
4159.200000 1.006242 nan
4160.000000 1.025650 nan
4160.800000 1.009720 nan
4161.600000 0.994509 nan
4162.400000 1.045958 nan
4163.200000 1.011846 nan
4164.000000 0.983797 nan
4164.800000 0.986624 nan
4165.600000 1.028905 nan
4166.400000 1.035539 nan
4167.200000 1.005271 nan
4168.000000 1.004206 nan
4168.800000 1.005413 nan
4169.600000 1.023804 nan
4170.400000 1.020544 nan
4171.200000 0.995494 nan
4172.000000 1.001839 nan
4172.800000 1.011359 nan
4173.600000 0.993575 nan
4174.400000 1.025536 nan
4175.200000 1.011542 nan
4176.000000 1.024833 nan
4176.800000 1.019715 nan
4177.600000 1.043649 nan
4178.400000 1.060112 nan
4179.200000 1.022092 nan
4180.000000 1.016324 nan
4180.800000 1.005875 nan
4181.600000 1.027081 nan
4182.400000 1.027693 nan
4183.200000 1.005257 nan
4184.000000 1.005395 nan
4184.800000 1.034323 nan
4185.600000 1.021315 nan
4186.400000 0.993951 nan
4187.200000 0.994800 nan
4188.000000 1.024583 nan
4188.800000 1.035642 nan
4189.600000 1.030888 nan
4190.400000 1.029666 nan
4191.200000 1.014604 nan
4192.000000 1.014282 nan
4192.800000 1.037260 nan
4193.600000 1.037299 nan
4194.400000 1.039936 nan
4195.200000 1.044786 nan
4196.000000 1.037537 nan
4196.800000 1.029238 nan
4197.600000 1.030939 nan
4198.400000 1.038526 nan
4199.200000 1.026078 nan
4200.000000 1.031139 nan
4200.800000 1.035327 nan
4201.600000 1.023319 nan
4202.400000 1.032844 nan
4203.200000 1.044937 nan
4204.000000 1.029403 nan
4204.800000 1.028734 nan
4205.600000 1.026804 nan
4206.400000 1.029060 nan
4207.200000 1.041832 nan
4208.000000 1.045399 nan
4208.800000 1.035987 nan
4209.600000 1.037231 nan
4210.400000 1.050679 nan
4211.200000 1.043321 nan
4212.000000 1.025085 nan
4212.800000 1.031393 nan
4213.600000 1.059978 nan
4214.400000 1.037328 nan
4215.200000 1.022040 nan
4216.000000 1.037151 nan
4216.800000 1.036490 nan
4217.600000 1.041942 nan
4218.400000 1.061292 nan
4219.200000 1.055396 nan
4220.000000 1.047613 nan
4220.800000 1.064182 nan
4221.600000 1.041804 nan
4222.400000 1.046845 nan
4223.200000 1.040348 nan
4224.000000 1.011362 nan
4224.800000 1.013731 nan
4225.600000 1.030122 nan
4226.400000 1.047910 nan
4227.200000 1.043505 nan
4228.000000 1.027618 nan
4228.800000 1.023421 nan
4229.600000 1.031987 nan
4230.400000 1.027881 nan
4231.200000 1.012684 nan
4232.000000 1.032856 nan
4232.800000 1.010047 nan
4233.600000 1.025801 nan
4234.400000 1.027529 nan
4235.200000 1.008619 nan
4236.000000 1.026190 nan
4236.800000 1.028632 nan
4237.600000 1.036581 nan
4238.400000 1.020292 nan
4239.200000 1.020605 nan
4240.000000 1.040006 nan
4240.800000 1.056517 nan
4241.600000 1.048411 nan
4242.400000 1.026761 nan
4243.200000 1.019482 nan
4244.000000 1.016409 nan
4244.800000 1.019300 nan
4245.600000 1.021453 nan
4246.400000 1.017651 nan
4247.200000 1.015025 nan
4248.000000 1.026046 nan
4248.800000 1.021793 nan
4249.600000 1.031793 nan
4250.400000 1.052335 nan
4251.200000 1.020676 nan
4252.000000 0.987493 nan
4252.800000 1.020784 nan
4253.600000 1.046713 nan
4254.400000 1.023020 nan
4255.200000 0.999768 nan
4256.000000 1.018293 nan
4256.800000 1.036026 nan
4257.600000 1.020786 nan
4258.400000 1.007891 nan
4259.200000 1.041422 nan
4260.000000 1.021310 nan
4260.800000 1.006842 nan
4261.600000 1.027542 nan
4262.400000 1.044192 nan
4263.200000 1.040490 nan
4264.000000 1.032115 nan
4264.800000 1.027576 nan
4265.600000 1.022805 nan
4266.400000 1.011416 nan
4267.200000 1.010828 nan
4268.000000 1.042625 nan
4268.800000 1.045640 nan
4269.600000 1.004549 nan
4270.400000 1.023860 nan
4271.200000 1.029398 nan
4272.000000 1.031125 nan
4272.800000 1.045407 nan
4273.600000 1.038901 nan
4274.400000 1.033677 nan
4275.200000 1.041938 nan
4276.000000 1.020322 nan
4276.800000 1.027135 nan
4277.600000 1.029497 nan
4278.400000 1.031915 nan
4279.200000 1.043746 nan
4280.000000 1.029391 nan
4280.800000 1.000429 nan
4281.600000 1.029778 nan
4282.400000 1.041302 nan
4283.200000 1.056216 nan
4284.000000 1.059336 nan
4284.800000 1.040928 nan
4285.600000 1.027458 nan
4286.400000 1.020924 nan
4287.200000 1.003491 nan
4288.000000 1.038509 nan
4288.800000 1.035081 nan
4289.600000 1.043288 nan
4290.400000 1.022199 nan
4291.200000 0.988156 nan
4292.000000 0.986339 nan
4292.800000 1.015279 nan
4293.600000 0.999938 nan
4294.400000 1.009800 nan
4295.200000 1.033134 nan
4296.000000 1.027845 nan
4296.800000 1.023794 nan
4297.600000 1.033846 nan
4298.400000 1.022510 nan
4299.200000 1.009108 nan
4300.000000 1.020529 nan
4300.800000 0.992980 nan
4301.600000 1.011029 nan
4302.400000 1.022107 nan
4303.200000 1.001390 nan
4304.000000 1.006074 nan
4304.800000 1.006211 nan
4305.600000 1.006674 nan
4306.400000 1.011053 nan
4307.200000 1.004806 nan
4308.000000 1.002737 nan
4308.800000 1.014947 nan
4309.600000 1.025511 nan
4310.400000 1.010186 nan
4311.200000 0.979250 nan
4312.000000 1.015466 nan
4312.800000 1.025166 nan
4313.600000 1.023767 nan
4314.400000 1.034317 nan
4315.200000 1.043715 nan
4316.000000 1.057872 nan
4316.800000 1.005740 nan
4317.600000 0.999166 nan
4318.400000 0.999069 nan
4319.200000 0.986123 nan
4320.000000 0.974665 nan
4320.800000 0.978480 nan
4321.600000 0.986651 nan
4322.400000 0.994851 nan
4323.200000 1.022892 nan
4324.000000 1.006011 nan
4324.800000 1.013454 nan
4325.600000 1.048385 nan
4326.400000 1.047071 nan
4327.200000 1.037007 nan
4328.000000 1.035483 nan
4328.800000 1.016965 nan
4329.600000 1.023741 nan
4330.400000 1.037077 nan
4331.200000 1.027974 nan
4332.000000 1.014005 nan
4332.800000 1.047002 nan
4333.600000 1.029693 nan
4334.400000 1.019374 nan
4335.200000 1.011167 nan
4336.000000 1.006520 nan
4336.800000 1.020235 nan
4337.600000 1.033840 nan
4338.400000 0.997171 nan
4339.200000 1.020876 nan
4340.000000 1.017668 nan
4340.800000 1.016839 nan
4341.600000 1.039675 nan
4342.400000 1.051615 nan
4343.200000 1.029889 nan
4344.000000 1.024590 nan
4344.800000 1.035667 nan
4345.600000 1.017041 nan
4346.400000 1.023881 nan
4347.200000 1.023483 nan
4348.000000 1.012815 nan
4348.800000 1.022940 nan
4349.600000 1.055021 nan
4350.400000 1.029704 nan
4351.200000 1.043244 nan
4352.000000 1.020783 nan
4352.800000 1.024040 nan
4353.600000 1.049173 nan
4354.400000 1.051586 nan
4355.200000 1.037815 nan
4356.000000 1.043457 nan
4356.800000 0.978070 nan
4357.600000 1.034889 nan
4358.400000 1.062042 nan
4359.200000 1.040929 nan
4360.000000 1.034973 nan
4360.800000 1.034554 nan
4361.600000 1.069085 nan
4362.400000 1.065158 nan
4363.200000 1.085114 nan
4364.000000 1.054441 nan
4364.800000 1.027091 nan
4365.600000 1.045192 nan
4366.400000 1.067810 nan
4367.200000 1.034124 nan
4368.000000 1.085616 nan
4368.800000 1.093263 nan
4369.600000 1.068523 nan
4370.400000 1.071360 nan
4371.200000 1.083365 nan
4372.000000 1.063217 nan
4372.800000 1.069695 nan
4373.600000 1.030898 nan
4374.400000 1.042157 nan
4375.200000 1.064888 nan
4376.000000 1.081931 nan
4376.800000 1.099701 nan
4377.600000 1.099553 nan
4378.400000 1.048091 nan
4379.200000 1.063171 nan
4380.000000 1.106937 nan
4380.800000 1.092180 nan
4381.600000 1.072580 nan
4382.400000 1.086948 nan
4383.200000 1.091899 nan
4384.000000 1.067403 nan
4384.800000 1.064910 nan
4385.600000 1.068189 nan
4386.400000 1.066287 nan
4387.200000 1.084250 nan
4388.000000 1.099191 nan
4388.800000 1.075972 nan
4389.600000 1.086229 nan
4390.400000 1.111826 nan
4391.200000 1.087167 nan
4392.000000 1.070469 nan
4392.800000 1.051267 nan
4393.600000 1.046631 nan
4394.400000 1.073544 nan
4395.200000 1.046550 nan
4396.000000 1.084443 nan
4396.800000 1.026709 nan
4397.600000 1.032126 nan
4398.400000 1.049476 nan
4399.200000 1.045948 nan
4400.000000 1.055589 nan
4400.800000 1.064194 nan
4401.600000 1.098282 nan
4402.400000 1.053658 nan
4403.200000 1.048798 nan
4404.000000 1.078004 nan
4404.800000 1.082291 nan
4405.600000 1.060657 nan
4406.400000 1.086737 nan
4407.200000 1.062310 nan
4408.000000 1.059865 nan
4408.800000 1.080159 nan
4409.600000 1.083413 nan
4410.400000 1.064040 nan
4411.200000 1.055777 nan
4412.000000 1.084857 nan
4412.800000 1.109689 nan
4413.600000 1.102594 nan
4414.400000 1.099262 nan
4415.200000 1.075567 nan
4416.000000 1.054345 nan
4416.800000 1.067157 nan
4417.600000 1.088678 nan
4418.400000 1.095535 nan
4419.200000 1.121724 nan
4420.000000 1.077601 nan
4420.800000 1.076742 nan
4421.600000 1.112419 nan
4422.400000 1.106406 nan
4423.200000 1.082054 nan
4424.000000 1.125659 nan
4424.800000 1.088224 nan
4425.600000 1.099463 nan
4426.400000 1.086610 nan
4427.200000 1.066635 nan
4428.000000 1.082543 nan
4428.800000 1.090995 nan
4429.600000 1.110840 nan
4430.400000 1.098871 nan
4431.200000 1.061871 nan
4432.000000 1.072614 nan
4432.800000 1.079164 nan
4433.600000 1.046626 nan
4434.400000 1.056900 nan
4435.200000 1.088072 nan
4436.000000 1.062256 nan
4436.800000 1.084328 nan
4437.600000 1.093133 nan
4438.400000 1.079449 nan
4439.200000 1.069493 nan
4440.000000 1.063391 nan
4440.800000 1.066789 nan
4441.600000 1.062127 nan
4442.400000 1.078999 nan
4443.200000 1.067220 nan
4444.000000 1.057254 nan
4444.800000 1.080226 nan
4445.600000 1.098224 nan
4446.400000 1.061170 nan
4447.200000 1.046896 nan
4448.000000 1.055476 nan
4448.800000 1.087855 nan
4449.600000 1.090529 nan
4450.400000 1.053265 nan
4451.200000 1.046665 nan
4452.000000 1.093350 nan
4452.800000 1.101496 nan
4453.600000 1.074160 nan
4454.400000 1.063494 nan
4455.200000 1.081675 nan
4456.000000 1.095621 nan
4456.800000 1.077358 nan
4457.600000 1.080147 nan
4458.400000 1.064986 nan
4459.200000 1.053539 nan
4460.000000 1.048659 nan
4460.800000 1.063665 nan
4461.600000 1.091221 nan
4462.400000 1.099573 nan
4463.200000 1.092380 nan
4464.000000 1.055238 nan
4464.800000 1.077803 nan
4465.600000 1.094259 nan
4466.400000 1.090239 nan
4467.200000 1.086020 nan
4468.000000 1.093146 nan
4468.800000 1.100235 nan
4469.600000 1.088360 nan
4470.400000 1.078460 nan
4471.200000 1.087634 nan
4472.000000 1.101875 nan
4472.800000 1.105909 nan
4473.600000 1.094597 nan
4474.400000 1.080026 nan
4475.200000 1.078100 nan
4476.000000 1.077715 nan
4476.800000 1.105663 nan
4477.600000 1.099676 nan
4478.400000 1.075677 nan
4479.200000 1.081855 nan
4480.000000 1.070596 nan
4480.800000 1.080396 nan
4481.600000 1.109133 nan
4482.400000 1.091730 nan
4483.200000 1.085356 nan
4484.000000 1.093878 nan
4484.800000 1.085372 nan
4485.600000 1.087457 nan
4486.400000 1.080932 nan
4487.200000 1.062127 nan
4488.000000 1.068845 nan
4488.800000 1.078321 nan
4489.600000 1.085001 nan
4490.400000 1.096150 nan
4491.200000 1.095407 nan
4492.000000 1.093054 nan
4492.800000 1.110317 nan
4493.600000 1.086320 nan
4494.400000 1.080984 nan
4495.200000 1.101109 nan
4496.000000 1.101244 nan
4496.800000 1.080466 nan
4497.600000 1.088468 nan
4498.400000 1.074182 nan
4499.200000 1.085285 nan
4500.000000 1.070594 nan
4500.800000 1.061283 nan
4501.600000 1.089134 nan
4502.400000 1.086709 nan
4503.200000 1.055790 nan
4504.000000 1.073132 nan
4504.800000 1.087907 nan
4505.600000 1.093470 nan
4506.400000 1.078449 nan
4507.200000 1.060813 nan
4508.000000 1.079921 nan
4508.800000 1.057159 nan
4509.600000 1.066141 nan
4510.400000 1.085697 nan
4511.200000 1.093491 nan
4512.000000 1.087832 nan
4512.800000 1.072090 nan
4513.600000 1.059504 nan
4514.400000 1.080298 nan
4515.200000 1.055440 nan
4516.000000 1.066891 nan
4516.800000 1.081733 nan
4517.600000 1.078405 nan
4518.400000 1.067424 nan
4519.200000 1.056275 nan
4520.000000 1.042983 nan
4520.800000 1.037902 nan
4521.600000 1.046371 nan
4522.400000 1.071973 nan
4523.200000 1.077207 nan
4524.000000 1.050197 nan
4524.800000 1.035903 nan
4525.600000 1.046161 nan
4526.400000 1.047051 nan
4527.200000 1.049550 nan
4528.000000 1.050076 nan
4528.800000 1.061133 nan
4529.600000 1.077696 nan
4530.400000 1.075582 nan
4531.200000 1.066146 nan
4532.000000 1.071423 nan
4532.800000 1.060420 nan
4533.600000 1.057897 nan
4534.400000 1.065818 nan
4535.200000 1.061673 nan
4536.000000 1.044552 nan
4536.800000 1.069359 nan
4537.600000 1.073691 nan
4538.400000 1.057282 nan
4539.200000 1.045970 nan
4540.000000 1.048715 nan
4540.800000 1.057886 nan
4541.600000 1.059623 nan
4542.400000 1.052023 nan
4543.200000 1.050718 nan
4544.000000 1.053186 nan
4544.800000 1.042252 nan
4545.600000 1.037087 nan
4546.400000 1.033606 nan
4547.200000 1.023836 nan
4548.000000 1.044901 nan
4548.800000 1.025222 nan
4549.600000 1.054595 nan
4550.400000 1.055286 nan
4551.200000 1.043385 nan
4552.000000 1.046261 nan
4552.800000 1.052676 nan
4553.600000 1.051340 nan
4554.400000 1.074858 nan
4555.200000 1.042167 nan
4556.000000 1.049616 nan
4556.800000 1.053917 nan
4557.600000 1.050189 nan
4558.400000 1.066420 nan
4559.200000 1.054700 nan
4560.000000 1.044554 nan
4560.800000 1.057507 nan
4561.600000 1.052079 nan
4562.400000 1.048680 nan
4563.200000 1.046706 nan
4564.000000 1.043651 nan
4564.800000 1.062075 nan
4565.600000 1.022007 nan
4566.400000 1.038474 nan
4567.200000 1.066105 nan
4568.000000 1.057098 nan
4568.800000 1.035662 nan
4569.600000 1.034895 nan
4570.400000 1.036843 nan
4571.200000 1.049329 nan
4572.000000 1.025956 nan
4572.800000 1.027277 nan
4573.600000 1.011908 nan
4574.400000 0.998775 nan
4575.200000 1.017017 nan
4576.000000 1.026461 nan
4576.800000 1.025815 nan
4577.600000 1.020935 nan
4578.400000 1.024665 nan
4579.200000 1.015912 nan
4580.000000 1.014602 nan
4580.800000 1.030556 nan
4581.600000 1.024355 nan
4582.400000 1.014089 nan
4583.200000 1.012529 nan
4584.000000 1.015016 nan
4584.800000 1.019788 nan
4585.600000 1.013392 nan
4586.400000 1.000224 nan
4587.200000 1.002897 nan
4588.000000 0.993186 nan
4588.800000 0.993689 nan
4589.600000 1.004515 nan
4590.400000 1.001801 nan
4591.200000 0.999165 nan
4592.000000 1.008054 nan
4592.800000 1.009516 nan
4593.600000 1.005370 nan
4594.400000 1.013853 nan
4595.200000 1.013107 nan
4596.000000 1.000172 nan
4596.800000 0.996976 nan
4597.600000 1.004987 nan
4598.400000 1.002118 nan
4599.200000 1.006544 nan
4600.000000 1.002858 nan
4600.800000 0.997612 nan
4601.600000 0.996843 nan
4602.400000 1.010103 nan
4603.200000 1.021434 nan
4604.000000 1.005618 nan
4604.800000 1.003292 nan
4605.600000 1.004417 nan
4606.400000 1.008358 nan
4607.200000 1.012386 nan
4608.000000 1.004853 nan
4608.800000 0.990164 nan
4609.600000 0.984772 nan
4610.400000 0.983684 nan
4611.200000 0.986275 nan
4612.000000 0.987681 nan
4612.800000 0.983057 nan
4613.600000 0.986832 nan
4614.400000 0.995438 nan
4615.200000 0.990419 nan
4616.000000 0.986785 nan
4616.800000 0.987468 nan
4617.600000 0.994339 nan
4618.400000 1.003990 nan
4619.200000 1.011580 nan
4620.000000 1.009267 nan
4620.800000 0.995995 nan
4621.600000 0.989158 nan
4622.400000 0.984084 nan
4623.200000 0.977442 nan
4624.000000 0.977916 nan
4624.800000 0.983531 nan
4625.600000 0.987337 nan
4626.400000 0.984568 nan
4627.200000 0.978888 nan
4628.000000 0.983493 nan
4628.800000 0.986694 nan
4629.600000 0.990202 nan
4630.400000 1.000381 nan
4631.200000 1.008994 nan
4632.000000 1.003280 nan
4632.800000 0.992024 nan
4633.600000 0.993083 nan
4634.400000 0.991111 nan
4635.200000 0.981207 nan
4636.000000 0.980803 nan
4636.800000 0.983590 nan
4637.600000 0.978466 nan
4638.400000 0.984480 nan
4639.200000 0.987283 nan
4640.000000 0.976689 nan
4640.800000 0.966416 nan
4641.600000 0.964507 nan
4642.400000 0.964214 nan
4643.200000 0.956080 nan
4644.000000 0.945624 nan
4644.800000 0.952076 nan
4645.600000 0.958317 nan
4646.400000 0.937904 nan
4647.200000 0.926991 nan
4648.000000 0.933348 nan
4648.800000 0.938167 nan
4649.600000 0.938316 nan
4650.400000 0.953436 nan
4651.200000 0.962703 nan
4652.000000 0.963169 nan
4652.800000 0.970521 nan
4653.600000 0.974431 nan
4654.400000 0.963688 nan
4655.200000 0.955147 nan
4656.000000 0.954494 nan
4656.800000 0.964947 nan
4657.600000 0.966750 nan
4658.400000 0.971319 nan
4659.200000 0.980322 nan
4660.000000 0.985225 nan
4660.800000 0.984238 nan
4661.600000 0.978716 nan
4662.400000 0.978355 nan
4663.200000 0.987877 nan
4664.000000 1.008820 nan
4664.800000 1.032280 nan
4665.600000 1.051573 nan
4666.400000 1.063744 nan
4667.200000 1.057619 nan
4668.000000 1.058222 nan
4668.800000 1.068775 nan
4669.600000 1.071332 nan
4670.400000 1.067513 nan
4671.200000 1.050224 nan
4672.000000 1.012174 nan
4672.800000 1.008288 nan
4673.600000 1.007379 nan
4674.400000 0.971781 nan
4675.200000 0.885693 nan
4676.000000 0.825983 nan
4676.800000 0.820209 nan
4677.600000 0.836901 nan
4678.400000 0.841039 nan
4679.200000 0.841656 nan
4680.000000 0.842369 nan
4680.800000 0.843366 nan
4681.600000 0.842459 nan
4682.400000 0.841993 nan
4683.200000 0.845366 nan
4684.000000 0.843642 nan
4684.800000 0.842746 nan
4685.600000 0.843718 nan
4686.400000 0.845232 nan
4687.200000 0.847123 nan
4688.000000 0.848252 nan
4688.800000 0.848196 nan
4689.600000 0.851363 nan
4690.400000 0.852931 nan
4691.200000 0.853107 nan
4692.000000 0.854208 nan
4692.800000 0.854657 nan
4693.600000 0.854564 nan
4694.400000 0.856377 nan
4695.200000 0.858437 nan
4696.000000 0.856744 nan
4696.800000 0.861325 nan
4697.600000 0.858693 nan
4698.400000 0.854207 nan
4699.200000 0.857197 nan
4700.000000 0.863582 nan
4700.800000 0.857854 nan
4701.600000 0.861871 nan
4702.400000 0.858594 nan
4703.200000 0.855507 nan
4704.000000 0.859676 nan
4704.800000 0.863375 nan
4705.600000 0.859776 nan
4706.400000 0.862188 nan
4707.200000 0.854838 nan
4708.000000 0.857370 nan
4708.800000 0.861920 nan
4709.600000 0.862651 nan
4710.400000 0.862409 nan
4711.200000 0.863609 nan
4712.000000 0.860728 nan
4712.800000 0.861511 nan
4713.600000 0.862373 nan
4714.400000 0.861966 nan
4715.200000 0.862512 nan
4716.000000 0.862598 nan
4716.800000 0.861880 nan
4717.600000 0.865786 nan
4718.400000 0.866540 nan
4719.200000 0.863476 nan
4720.000000 0.864129 nan
4720.800000 0.864946 nan
4721.600000 0.865025 nan
4722.400000 0.866427 nan
4723.200000 0.867859 nan
4724.000000 0.868707 nan
4724.800000 0.871006 nan
4725.600000 0.871818 nan
4726.400000 0.871907 nan
4727.200000 0.874450 nan
4728.000000 0.879746 nan
4728.800000 0.881928 nan
4729.600000 0.877904 nan
4730.400000 0.879203 nan
4731.200000 0.879569 nan
4732.000000 0.876539 nan
4732.800000 0.874435 nan
4733.600000 0.876760 nan
4734.400000 0.879544 nan
4735.200000 0.876624 nan
4736.000000 0.875548 nan
4736.800000 0.870513 nan
4737.600000 0.869495 nan
4738.400000 0.873795 nan
4739.200000 0.878681 nan
4740.000000 0.879197 nan
4740.800000 0.873063 nan
4741.600000 0.875041 nan
4742.400000 0.876241 nan
4743.200000 0.875390 nan
4744.000000 0.873162 nan
4744.800000 0.870971 nan
4745.600000 0.870581 nan
4746.400000 0.869847 nan
4747.200000 0.872613 nan
4748.000000 0.870692 nan
4748.800000 0.867633 nan
4749.600000 0.866752 nan
4750.400000 0.867748 nan
4751.200000 0.868394 nan
4752.000000 0.867972 nan
4752.800000 0.865390 nan
4753.600000 0.871672 nan
4754.400000 0.873896 nan
4755.200000 0.870388 nan
4756.000000 0.868155 nan
4756.800000 0.869734 nan
4757.600000 0.866703 nan
4758.400000 0.861857 nan
4759.200000 0.864421 nan
4760.000000 0.866058 nan
4760.800000 0.865843 nan
4761.600000 0.864841 nan
4762.400000 0.862245 nan
4763.200000 0.860740 nan
4764.000000 0.853081 nan
4764.800000 0.849903 nan
4765.600000 0.848129 nan
4766.400000 0.847714 nan
4767.200000 0.847971 nan
4768.000000 0.846294 nan
4768.800000 0.845445 nan
4769.600000 0.849292 nan
4770.400000 0.846902 nan
4771.200000 0.846840 nan
4772.000000 0.846377 nan
4772.800000 0.845801 nan
4773.600000 0.848506 nan
4774.400000 0.844771 nan
4775.200000 0.838791 nan
4776.000000 0.839913 nan
4776.800000 0.836539 nan
4777.600000 0.832659 nan
4778.400000 0.832387 nan
4779.200000 0.831883 nan
4780.000000 0.827991 nan
4780.800000 0.830891 nan
4781.600000 0.828113 nan
4782.400000 0.827965 nan
4783.200000 0.829682 nan
4784.000000 0.828984 nan
4784.800000 0.825686 nan
4785.600000 0.824672 nan
4786.400000 0.825267 nan
4787.200000 0.826917 nan
4788.000000 0.825824 nan
4788.800000 0.826715 nan
4789.600000 0.830469 nan
4790.400000 0.832752 nan
4791.200000 0.832251 nan
4792.000000 0.835539 nan
4792.800000 0.836131 nan
4793.600000 0.839724 nan
4794.400000 0.844374 nan
4795.200000 0.845024 nan
4796.000000 0.842179 nan
4796.800000 0.844100 nan
4797.600000 0.847732 nan
4798.400000 0.855086 nan
4799.200000 0.852151 nan
4800.000000 0.854276 nan
4800.800000 0.857005 nan
4801.600000 0.853349 nan
4802.400000 0.861037 nan
4803.200000 0.863207 nan
4804.000000 0.865510 nan
4804.800000 0.862992 nan
4805.600000 0.864050 nan
4806.400000 0.871795 nan
4807.200000 0.876384 nan
4808.000000 0.868760 nan
4808.800000 0.875194 nan
4809.600000 0.883473 nan
4810.400000 0.879026 nan
4811.200000 0.876274 nan
4812.000000 0.877326 nan
4812.800000 0.879477 nan
4813.600000 0.885470 nan
4814.400000 0.878030 nan
4815.200000 0.884776 nan
4816.000000 0.888310 nan
4816.800000 0.892273 nan
4817.600000 0.895267 nan
4818.400000 0.894142 nan
4819.200000 0.893494 nan
4820.000000 0.895507 nan
4820.800000 0.898279 nan
4821.600000 0.896307 nan
4822.400000 0.900085 nan
4823.200000 0.899126 nan
4824.000000 0.894049 nan
4824.800000 0.902435 nan
4825.600000 0.897890 nan
4826.400000 0.901336 nan
4827.200000 0.894320 nan
4828.000000 0.902396 nan
4828.800000 0.908409 nan
4829.600000 0.900183 nan
4830.400000 0.898691 nan
4831.200000 0.907927 nan
4832.000000 0.905299 nan
4832.800000 0.915584 nan
4833.600000 0.922318 nan
4834.400000 0.916680 nan
4835.200000 0.907882 nan
4836.000000 0.905781 nan
4836.800000 0.903725 nan
4837.600000 0.915811 nan
4838.400000 0.919162 nan
4839.200000 0.916593 nan
4840.000000 0.917888 nan
4840.800000 0.923571 nan
4841.600000 0.924302 nan
4842.400000 0.918075 nan
4843.200000 0.928025 nan
4844.000000 0.924126 nan
4844.800000 0.923616 nan
4845.600000 0.923876 nan
4846.400000 0.923543 nan
4847.200000 0.924972 nan
4848.000000 0.913558 nan
4848.800000 0.924329 nan
4849.600000 0.926726 nan
4850.400000 0.926304 nan
4851.200000 0.924514 nan
4852.000000 0.927749 nan
4852.800000 0.936883 nan
4853.600000 0.924873 nan
4854.400000 0.913410 nan
4855.200000 0.925999 nan
4856.000000 0.926614 nan
4856.800000 0.921885 nan
4857.600000 0.922422 nan
4858.400000 0.923942 nan
4859.200000 0.923949 nan
4860.000000 0.928815 nan
4860.800000 0.929785 nan
4861.600000 0.931742 nan
4862.400000 0.931725 nan
4863.200000 0.927993 nan
4864.000000 0.924584 nan
4864.800000 0.926506 nan
4865.600000 0.928496 nan
4866.400000 0.914794 nan
4867.200000 0.919085 nan
4868.000000 0.923772 nan
4868.800000 0.926136 nan
4869.600000 0.932143 nan
4870.400000 0.922012 nan
4871.200000 0.925273 nan
4872.000000 0.916898 nan
4872.800000 0.912913 nan
4873.600000 0.925415 nan
4874.400000 0.934473 nan
4875.200000 0.924098 nan
4876.000000 0.921889 nan
4876.800000 0.930283 nan
4877.600000 0.932879 nan
4878.400000 0.925890 nan
4879.200000 0.929111 nan
4880.000000 0.939650 nan
4880.800000 0.939878 nan
4881.600000 0.932561 nan
4882.400000 0.948101 nan
4883.200000 0.938509 nan
4884.000000 0.932454 nan
4884.800000 0.935104 nan
4885.600000 0.936615 nan
4886.400000 0.930852 nan
4887.200000 0.928454 nan
4888.000000 0.948948 nan
4888.800000 0.936624 nan
4889.600000 0.931340 nan
4890.400000 0.935238 nan
4891.200000 0.942843 nan
4892.000000 0.949694 nan
4892.800000 0.951003 nan
4893.600000 0.960580 nan
4894.400000 0.951094 nan
4895.200000 0.954500 nan
4896.000000 0.955984 nan
4896.800000 0.950733 nan
4897.600000 0.948189 nan
4898.400000 0.951618 nan
4899.200000 0.948572 nan
4900.000000 0.946723 nan
4900.800000 0.954158 nan
4901.600000 0.949997 nan
4902.400000 0.952799 nan
4903.200000 0.965632 nan
4904.000000 0.960553 nan
4904.800000 0.961137 nan
4905.600000 0.964885 nan
4906.400000 0.961903 nan
4907.200000 0.974749 nan
4908.000000 0.977259 nan
4908.800000 0.969167 nan
4909.600000 0.982356 nan
4910.400000 0.958535 nan
4911.200000 0.956151 nan
4912.000000 0.969871 nan
4912.800000 0.973396 nan
4913.600000 0.972209 nan
4914.400000 0.971699 nan
4915.200000 0.965713 nan
4916.000000 0.970240 nan
4916.800000 0.989092 nan
4917.600000 0.983781 nan
4918.400000 0.985574 nan
4919.200000 0.998012 nan
4920.000000 1.001978 nan
4920.800000 0.989580 nan
4921.600000 0.990473 nan
4922.400000 0.995285 nan
4923.200000 0.987237 nan
4924.000000 0.992578 nan
4924.800000 0.996886 nan
4925.600000 0.993751 nan
4926.400000 0.996242 nan
4927.200000 0.997649 nan
4928.000000 0.994515 nan
4928.800000 0.995455 nan
4929.600000 0.997495 nan
4930.400000 0.995261 nan
4931.200000 0.996183 nan
4932.000000 1.003616 nan
4932.800000 0.996092 nan
4933.600000 1.009970 nan
4934.400000 1.033043 nan
4935.200000 1.012371 nan
4936.000000 0.998037 nan
4936.800000 1.003245 nan
4937.600000 0.995967 nan
4938.400000 0.993543 nan
4939.200000 1.003100 nan
4940.000000 1.005624 nan
4940.800000 1.006526 nan
4941.600000 1.007115 nan
4942.400000 1.005601 nan
4943.200000 1.002277 nan
4944.000000 0.999546 nan
4944.800000 0.995950 nan
4945.600000 1.020639 nan
4946.400000 1.037655 nan
4947.200000 1.029115 nan
4948.000000 1.015190 nan
4948.800000 1.013004 nan
4949.600000 1.010248 nan
4950.400000 1.026903 nan
4951.200000 1.010839 nan
4952.000000 0.999697 nan
4952.800000 1.010563 nan
4953.600000 1.020183 nan
4954.400000 1.014102 nan
4955.200000 1.018873 nan
4956.000000 1.012266 nan
4956.800000 1.028115 nan
4957.600000 1.024043 nan
4958.400000 1.003359 nan
4959.200000 0.998936 nan
4960.000000 1.009468 nan
4960.800000 0.995273 nan
4961.600000 1.017932 nan
4962.400000 1.004368 nan
4963.200000 0.997280 nan
4964.000000 1.003990 nan
4964.800000 1.005190 nan
4965.600000 1.004420 nan
4966.400000 1.025796 nan
4967.200000 1.008342 nan
4968.000000 1.008773 nan
4968.800000 1.001397 nan
4969.600000 1.009023 nan
4970.400000 1.020443 nan
4971.200000 1.017128 nan
4972.000000 1.015314 nan
4972.800000 1.019359 nan
4973.600000 0.997196 nan
4974.400000 0.995912 nan
4975.200000 1.004989 nan
4976.000000 1.002978 nan
4976.800000 0.996876 nan
4977.600000 1.007953 nan
4978.400000 1.002813 nan
4979.200000 1.006621 nan
4980.000000 1.004527 nan
4980.800000 1.009561 nan
4981.600000 1.005047 nan
4982.400000 0.993780 nan
4983.200000 1.005019 nan
4984.000000 1.005391 nan
4984.800000 1.005290 nan
4985.600000 0.996922 nan
4986.400000 0.991936 nan
4987.200000 0.995572 nan
4988.000000 1.005285 nan
4988.800000 1.006981 nan
4989.600000 0.982535 nan
4990.400000 0.995338 nan
4991.200000 1.002254 nan
4992.000000 0.993636 nan
4992.800000 0.994438 nan
4993.600000 1.003240 nan
4994.400000 0.998819 nan
4995.200000 1.011904 nan
4996.000000 1.008968 nan
4996.800000 1.007004 nan
4997.600000 0.996862 nan
4998.400000 0.986880 nan
4999.200000 0.989769 nan
5000.000000 1.000245 nan
5000.800000 0.989961 nan
5001.600000 0.981968 nan
5002.400000 0.995604 nan
5003.200000 0.996165 nan
5004.000000 0.997245 nan
5004.800000 1.006115 nan
5005.600000 1.005717 nan
5006.400000 0.998613 nan
5007.200000 1.001365 nan
5008.000000 1.006221 nan
5008.800000 0.990410 nan
5009.600000 0.984510 nan
5010.400000 0.991990 nan
5011.200000 0.989260 nan
5012.000000 0.985320 nan
5012.800000 0.983985 nan
5013.600000 0.986911 nan
5014.400000 0.992093 nan
5015.200000 0.992681 nan
5016.000000 0.990218 nan
5016.800000 0.989266 nan
5017.600000 0.986537 nan
5018.400000 0.990487 nan
5019.200000 0.983306 nan
5020.000000 0.969539 nan
5020.800000 0.967248 nan
5021.600000 0.971994 nan
5022.400000 0.972154 nan
5023.200000 0.978069 nan
5024.000000 0.981567 nan
5024.800000 0.971104 nan
5025.600000 0.970456 nan
5026.400000 0.971981 nan
5027.200000 0.975563 nan
5028.000000 0.978098 nan
5028.800000 0.960254 nan
5029.600000 0.963834 nan
5030.400000 0.967770 nan
5031.200000 0.962993 nan
5032.000000 0.959343 nan
5032.800000 0.963775 nan
5033.600000 0.970441 nan
5034.400000 0.967335 nan
5035.200000 0.968193 nan
5036.000000 0.967973 nan
5036.800000 0.964434 nan
5037.600000 0.964279 nan
5038.400000 0.965765 nan
5039.200000 0.963897 nan
5040.000000 0.961297 nan
5040.800000 0.962772 nan
5041.600000 0.961167 nan
5042.400000 0.963813 nan
5043.200000 0.970285 nan
5044.000000 0.968898 nan
5044.800000 0.966718 nan
5045.600000 0.982509 nan
5046.400000 0.957417 nan
5047.200000 0.959834 nan
5048.000000 0.974574 nan
5048.800000 0.957117 nan
5049.600000 0.949611 nan
5050.400000 0.976447 nan
5051.200000 0.973944 nan
5052.000000 0.940206 nan
5052.800000 0.964270 nan
5053.600000 0.977337 nan
5054.400000 0.978811 nan
5055.200000 0.974452 nan
5056.000000 0.970027 nan
5056.800000 0.974440 nan
5057.600000 0.965461 nan
5058.400000 0.969818 nan
5059.200000 0.985035 nan
5060.000000 0.977362 nan
5060.800000 0.967123 nan
5061.600000 0.970052 nan
5062.400000 0.970312 nan
5063.200000 0.979353 nan
5064.000000 0.974601 nan
5064.800000 0.996269 nan
5065.600000 0.993695 nan
5066.400000 0.982848 nan
5067.200000 0.987976 nan
5068.000000 0.989603 nan
5068.800000 0.973459 nan
5069.600000 0.990926 nan
5070.400000 0.995664 nan
5071.200000 0.994393 nan
5072.000000 0.992423 nan
5072.800000 0.995068 nan
5073.600000 1.004333 nan
5074.400000 0.997538 nan
5075.200000 0.990443 nan
5076.000000 0.999089 nan
5076.800000 1.002070 nan
5077.600000 1.006498 nan
5078.400000 1.010591 nan
5079.200000 1.001516 nan
5080.000000 0.996325 nan
5080.800000 0.981787 nan
5081.600000 1.000236 nan
5082.400000 0.991113 nan
5083.200000 0.991866 nan
5084.000000 1.007373 nan
5084.800000 0.998730 nan
5085.600000 0.998814 nan
5086.400000 1.005480 nan
5087.200000 1.007127 nan
5088.000000 1.003509 nan
5088.800000 1.000133 nan
5089.600000 0.996845 nan
5090.400000 0.992539 nan
5091.200000 0.993316 nan
5092.000000 0.989849 nan
5092.800000 0.998618 nan
5093.600000 1.001483 nan
5094.400000 0.995940 nan
5095.200000 0.998022 nan
5096.000000 1.009953 nan
5096.800000 1.003380 nan
5097.600000 1.017194 nan
5098.400000 1.007511 nan
5099.200000 1.010941 nan
5100.000000 1.013894 nan
5100.800000 1.010705 nan
5101.600000 1.012682 nan
5102.400000 1.014446 nan
5103.200000 1.004930 nan
5104.000000 1.020517 nan
5104.800000 1.025459 nan
5105.600000 1.017867 nan
5106.400000 1.011193 nan
5107.200000 1.016503 nan
5108.000000 1.026795 nan
5108.800000 1.000475 nan
5109.600000 1.009862 nan
5110.400000 0.989213 nan
5111.200000 0.992808 nan
5112.000000 1.009237 nan
5112.800000 0.998683 nan
5113.600000 0.992627 nan
5114.400000 0.996849 nan
5115.200000 0.994000 nan
5116.000000 0.997348 nan
5116.800000 1.001311 nan
5117.600000 0.998919 nan
5118.400000 0.996509 nan
5119.200000 1.005817 nan
5120.000000 1.004782 nan
5120.800000 1.000461 nan
5121.600000 1.005965 nan
5122.400000 0.996439 nan
5123.200000 0.983349 nan
5124.000000 0.976461 nan
5124.800000 0.964983 nan
5125.600000 0.997567 nan
5126.400000 0.997466 nan
5127.200000 0.998191 nan
5128.000000 0.982883 nan
5128.800000 0.984240 nan
5129.600000 1.002752 nan
5130.400000 0.984380 nan
5131.200000 0.992682 nan
5132.000000 0.970755 nan
5132.800000 0.988172 nan
5133.600000 0.993918 nan
5134.400000 0.987389 nan
5135.200000 0.986395 nan
5136.000000 0.976764 nan
5136.800000 0.962628 nan
5137.600000 0.975855 nan
5138.400000 0.975429 nan
5139.200000 0.965229 nan
5140.000000 0.968254 nan
5140.800000 0.979957 nan
5141.600000 0.973694 nan
5142.400000 0.969179 nan
5143.200000 0.970285 nan
5144.000000 0.980555 nan
5144.800000 0.973479 nan
5145.600000 0.964860 nan
5146.400000 0.968006 nan
5147.200000 0.970226 nan
5148.000000 0.966886 nan
5148.800000 0.960205 nan
5149.600000 0.966321 nan
5150.400000 0.960873 nan
5151.200000 0.959174 nan
5152.000000 0.967800 nan
5152.800000 0.970656 nan
5153.600000 0.976367 nan
5154.400000 0.975527 nan
5155.200000 0.949427 nan
5156.000000 0.951044 nan
5156.800000 0.948297 nan
5157.600000 0.943126 nan
5158.400000 0.967666 nan
5159.200000 0.964105 nan
5160.000000 0.970257 nan
5160.800000 0.984186 nan
5161.600000 0.981501 nan
5162.400000 0.973720 nan
5163.200000 0.968715 nan
5164.000000 0.959207 nan
5164.800000 0.951418 nan
5165.600000 0.967793 nan
5166.400000 0.978280 nan
5167.200000 0.997244 nan
5168.000000 0.991346 nan
5168.800000 0.976331 nan
5169.600000 0.989450 nan
5170.400000 0.979334 nan
5171.200000 0.959623 nan
5172.000000 0.981943 nan
5172.800000 0.969547 nan
5173.600000 0.963597 nan
5174.400000 0.975359 nan
5175.200000 0.975283 nan
5176.000000 0.973611 nan
5176.800000 0.964275 nan
5177.600000 0.967446 nan
5178.400000 0.969975 nan
5179.200000 0.962792 nan
5180.000000 0.958281 nan
5180.800000 0.967595 nan
5181.600000 0.974147 nan
5182.400000 0.976304 nan
5183.200000 0.965551 nan
5184.000000 0.976830 nan
5184.800000 0.969246 nan
5185.600000 0.963183 nan
5186.400000 0.989646 nan
5187.200000 0.996873 nan
5188.000000 0.980718 nan
5188.800000 0.958701 nan
5189.600000 0.966151 nan
5190.400000 0.968837 nan
5191.200000 0.977609 nan
5192.000000 0.999285 nan
5192.800000 0.981191 nan
5193.600000 0.968766 nan
5194.400000 0.985492 nan
5195.200000 0.989756 nan
5196.000000 0.984407 nan
5196.800000 0.989814 nan
5197.600000 0.991770 nan
5198.400000 0.960485 nan
5199.200000 0.982563 nan
5200.000000 0.972630 nan
5200.800000 0.979365 nan
5201.600000 0.986255 nan
5202.400000 0.981977 nan
5203.200000 0.980399 nan
5204.000000 0.991913 nan
5204.800000 0.982119 nan
5205.600000 0.972636 nan
5206.400000 0.984743 nan
5207.200000 1.004872 nan
5208.000000 1.008876 nan
5208.800000 0.993622 nan
5209.600000 0.985821 nan
5210.400000 0.994061 nan
5211.200000 0.983953 nan
5212.000000 0.993758 nan
5212.800000 0.983929 nan
5213.600000 0.976000 nan
5214.400000 0.993586 nan
5215.200000 1.009138 nan
5216.000000 0.992770 nan
5216.800000 0.974135 nan
5217.600000 1.002605 nan
5218.400000 1.007940 nan
5219.200000 0.983865 nan
5220.000000 0.974908 nan
5220.800000 0.997379 nan
5221.600000 0.991432 nan
5222.400000 0.988405 nan
5223.200000 0.984911 nan
5224.000000 1.002745 nan
5224.800000 1.006962 nan
5225.600000 0.997062 nan
5226.400000 1.008656 nan
5227.200000 0.995089 nan
5228.000000 0.982188 nan
5228.800000 0.986273 nan
5229.600000 0.985846 nan
5230.400000 0.997342 nan
5231.200000 1.006329 nan
5232.000000 0.988478 nan
5232.800000 1.004282 nan
5233.600000 0.974601 nan
5234.400000 0.967642 nan
5235.200000 0.976929 nan
5236.000000 0.986635 nan
5236.800000 0.984951 nan
5237.600000 0.974498 nan
5238.400000 0.977182 nan
5239.200000 0.978024 nan
5240.000000 0.984613 nan
5240.800000 0.974725 nan
5241.600000 0.979270 nan
5242.400000 0.993367 nan
5243.200000 0.982325 nan
5244.000000 0.969861 nan
5244.800000 0.987826 nan
5245.600000 0.992948 nan
5246.400000 0.986005 nan
5247.200000 0.988693 nan
5248.000000 0.990094 nan
5248.800000 0.974462 nan
5249.600000 0.974363 nan
5250.400000 0.983535 nan
5251.200000 0.979921 nan
5252.000000 0.978450 nan
5252.800000 0.984581 nan
5253.600000 0.984757 nan
5254.400000 0.978532 nan
5255.200000 0.988586 nan
5256.000000 0.959387 nan
5256.800000 0.994280 nan
5257.600000 0.987606 nan
5258.400000 0.970315 nan
5259.200000 0.971290 nan
5260.000000 0.976777 nan
5260.800000 0.978160 nan
5261.600000 0.984283 nan
5262.400000 0.983040 nan
5263.200000 0.979980 nan
5264.000000 0.973541 nan
5264.800000 0.968433 nan
5265.600000 0.965940 nan
5266.400000 0.963077 nan
5267.200000 0.990126 nan
5268.000000 0.971420 nan
5268.800000 0.971271 nan
5269.600000 0.977672 nan
5270.400000 0.973074 nan
5271.200000 0.966624 nan
5272.000000 0.978194 nan
5272.800000 0.984876 nan
5273.600000 0.977455 nan
5274.400000 0.969264 nan
5275.200000 0.983294 nan
5276.000000 0.990644 nan
5276.800000 0.977443 nan
5277.600000 0.984287 nan
5278.400000 0.982262 nan
5279.200000 0.988043 nan
5280.000000 0.969291 nan
5280.800000 0.963595 nan
5281.600000 0.977640 nan
5282.400000 0.986629 nan
5283.200000 0.970805 nan
5284.000000 0.961193 nan
5284.800000 1.000863 nan
5285.600000 0.970010 nan
5286.400000 0.961799 nan
5287.200000 0.972787 nan
5288.000000 0.966650 nan
5288.800000 0.965692 nan
5289.600000 0.976510 nan
5290.400000 0.959859 nan
5291.200000 0.959662 nan
5292.000000 0.965788 nan
5292.800000 0.966832 nan
5293.600000 0.960703 nan
5294.400000 0.954134 nan
5295.200000 0.962734 nan
5296.000000 0.971435 nan
5296.800000 0.975312 nan
5297.600000 0.962885 nan
5298.400000 0.950105 nan
5299.200000 0.954540 nan
5300.000000 0.971081 nan
5300.800000 0.969009 nan
5301.600000 0.965465 nan
5302.400000 0.945341 nan
5303.200000 0.970097 nan
5304.000000 0.980819 nan
5304.800000 0.957182 nan
5305.600000 0.960598 nan
5306.400000 0.967844 nan
5307.200000 0.959299 nan
5308.000000 0.957051 nan
5308.800000 0.969701 nan
5309.600000 0.961074 nan
5310.400000 0.947469 nan
5311.200000 0.964766 nan
5312.000000 0.952760 nan
5312.800000 0.950746 nan
5313.600000 0.955517 nan
5314.400000 0.955304 nan
5315.200000 0.960648 nan
5316.000000 0.966355 nan
5316.800000 0.957570 nan
5317.600000 0.951777 nan
5318.400000 0.948187 nan
5319.200000 0.935340 nan
5320.000000 0.955851 nan
5320.800000 0.960327 nan
5321.600000 0.951865 nan
5322.400000 0.967939 nan
5323.200000 0.959796 nan
5324.000000 0.959031 nan
5324.800000 0.967866 nan
5325.600000 0.968941 nan
5326.400000 0.962030 nan
5327.200000 0.956157 nan
5328.000000 0.952708 nan
5328.800000 0.941812 nan
5329.600000 0.942501 nan
5330.400000 0.951255 nan
5331.200000 0.957041 nan
5332.000000 0.947896 nan
5332.800000 0.951614 nan
5333.600000 0.974697 nan
5334.400000 0.950870 nan
5335.200000 0.938040 nan
5336.000000 0.953206 nan
5336.800000 0.952947 nan
5337.600000 0.947463 nan
5338.400000 0.943910 nan
5339.200000 0.937588 nan
5340.000000 0.935660 nan
5340.800000 0.947371 nan
5341.600000 0.946753 nan
5342.400000 0.945527 nan
5343.200000 0.940701 nan
5344.000000 0.936917 nan
5344.800000 0.935489 nan
5345.600000 0.930605 nan
5346.400000 0.955024 nan
5347.200000 0.946980 nan
5348.000000 0.935150 nan
5348.800000 0.938142 nan
5349.600000 0.943983 nan
5350.400000 0.938539 nan
5351.200000 0.933378 nan
5352.000000 0.948301 nan
5352.800000 0.940218 nan
5353.600000 0.920764 nan
5354.400000 0.922696 nan
5355.200000 0.931329 nan
5356.000000 0.928660 nan
5356.800000 0.927495 nan
5357.600000 0.917860 nan
5358.400000 0.928985 nan
5359.200000 0.923811 nan
5360.000000 0.921300 nan
5360.800000 0.920343 nan
5361.600000 0.913698 nan
5362.400000 0.911382 nan
5363.200000 0.912726 nan
5364.000000 0.902908 nan
5364.800000 0.901597 nan
5365.600000 0.910070 nan
5366.400000 0.913761 nan
5367.200000 0.909212 nan
5368.000000 0.908360 nan
5368.800000 0.906013 nan
5369.600000 0.919414 nan
5370.400000 0.919465 nan
5371.200000 0.915385 nan
5372.000000 0.910349 nan
5372.800000 0.907967 nan
5373.600000 0.910152 nan
5374.400000 0.895106 nan
5375.200000 0.904706 nan
5376.000000 0.909611 nan
5376.800000 0.908833 nan
5377.600000 0.904343 nan
5378.400000 0.902024 nan
5379.200000 0.909244 nan
5380.000000 0.913885 nan
5380.800000 0.904155 nan
5381.600000 0.912725 nan
5382.400000 0.906598 nan
5383.200000 0.902634 nan
5384.000000 0.905114 nan
5384.800000 0.895498 nan
5385.600000 0.899084 nan
5386.400000 0.904038 nan
5387.200000 0.896918 nan
5388.000000 0.900128 nan
5388.800000 0.902750 nan
5389.600000 0.899861 nan
5390.400000 0.902063 nan
5391.200000 0.902500 nan
5392.000000 0.894234 nan
5392.800000 0.890592 nan
5393.600000 0.889447 nan
5394.400000 0.887376 nan
5395.200000 0.881568 nan
5396.000000 0.874157 nan
5396.800000 0.876644 nan
5397.600000 0.887015 nan
5398.400000 0.881543 nan
5399.200000 0.877502 nan
5400.000000 0.880360 nan
5400.800000 0.883465 nan
5401.600000 0.881768 nan
5402.400000 0.882573 nan
5403.200000 0.886112 nan
5404.000000 0.877932 nan
5404.800000 0.881022 nan
5405.600000 0.878885 nan
5406.400000 0.877848 nan
5407.200000 0.890200 nan
5408.000000 0.886483 nan
5408.800000 0.882883 nan
5409.600000 0.879132 nan
5410.400000 0.883885 nan
5411.200000 0.885325 nan
5412.000000 0.888250 nan
5412.800000 0.893495 nan
5413.600000 0.877929 nan
5414.400000 0.881967 nan
5415.200000 0.874335 nan
5416.000000 0.876518 nan
5416.800000 0.884778 nan
5417.600000 0.889539 nan
5418.400000 0.890547 nan
5419.200000 0.895885 nan
5420.000000 0.894564 nan
5420.800000 0.892912 nan
5421.600000 0.892164 nan
5422.400000 0.899084 nan
5423.200000 0.906794 nan
5424.000000 0.907112 nan
5424.800000 0.904695 nan
5425.600000 0.897630 nan
5426.400000 0.900350 nan
5427.200000 0.896344 nan
5428.000000 0.903309 nan
5428.800000 0.909869 nan
5429.600000 0.902651 nan
5430.400000 0.902792 nan
5431.200000 0.912500 nan
5432.000000 0.901080 nan
5432.800000 0.917424 nan
5433.600000 0.917869 nan
5434.400000 0.908278 nan
5435.200000 0.907100 nan
5436.000000 0.899657 nan
5436.800000 0.909728 nan
5437.600000 0.922835 nan
5438.400000 0.917782 nan
5439.200000 0.908287 nan
5440.000000 0.908306 nan
5440.800000 0.915612 nan
5441.600000 0.919074 nan
5442.400000 0.926159 nan
5443.200000 0.915914 nan
5444.000000 0.924313 nan
5444.800000 0.926225 nan
5445.600000 0.919021 nan
5446.400000 0.911852 nan
5447.200000 0.905940 nan
5448.000000 0.907754 nan
5448.800000 0.924030 nan
5449.600000 0.934009 nan
5450.400000 0.927208 nan
5451.200000 0.932917 nan
5452.000000 0.949893 nan
5452.800000 0.942544 nan
5453.600000 0.942607 nan
5454.400000 0.929007 nan
5455.200000 0.930673 nan
5456.000000 0.924894 nan
5456.800000 0.934155 nan
5457.600000 0.946844 nan
5458.400000 0.932015 nan
5459.200000 0.957239 nan
5460.000000 0.932577 nan
5460.800000 0.936008 nan
5461.600000 0.937244 nan
5462.400000 0.932983 nan
5463.200000 0.927855 nan
5464.000000 0.922589 nan
5464.800000 0.940303 nan
5465.600000 0.955451 nan
5466.400000 0.950203 nan
5467.200000 0.936184 nan
5468.000000 0.935939 nan
5468.800000 0.946202 nan
5469.600000 0.949364 nan
5470.400000 0.956237 nan
5471.200000 0.951074 nan
5472.000000 0.954731 nan
5472.800000 0.956544 nan
5473.600000 0.956332 nan
5474.400000 0.949634 nan
5475.200000 0.938588 nan
5476.000000 0.945373 nan
5476.800000 0.935555 nan
5477.600000 0.965899 nan
5478.400000 0.966631 nan
5479.200000 0.963189 nan
5480.000000 0.963213 nan
5480.800000 0.953420 nan
5481.600000 0.966494 nan
5482.400000 0.958598 nan
5483.200000 0.969403 nan
5484.000000 0.959367 nan
5484.800000 0.939644 nan
5485.600000 0.955834 nan
5486.400000 0.988269 nan
5487.200000 0.945499 nan
5488.000000 0.956741 nan
5488.800000 0.948882 nan
5489.600000 0.950559 nan
5490.400000 0.959842 nan
5491.200000 0.954709 nan
5492.000000 0.938986 nan
5492.800000 0.951278 nan
5493.600000 0.960672 nan
5494.400000 0.944684 nan
5495.200000 0.949825 nan
5496.000000 0.956591 nan
5496.800000 0.958527 nan
5497.600000 0.969187 nan
5498.400000 0.980421 nan
5499.200000 0.952029 nan
5500.000000 0.940163 nan
5500.800000 0.957023 nan
5501.600000 0.961538 nan
5502.400000 0.957476 nan
5503.200000 0.962370 nan
5504.000000 0.960455 nan
5504.800000 0.951361 nan
5505.600000 0.963446 nan
5506.400000 0.964759 nan
5507.200000 0.958504 nan
5508.000000 0.962161 nan
5508.800000 0.964028 nan
5509.600000 0.941446 nan
5510.400000 0.965918 nan
5511.200000 0.965325 nan
5512.000000 0.959083 nan
5512.800000 0.962115 nan
5513.600000 0.959237 nan
5514.400000 0.950846 nan
5515.200000 0.962699 nan
5516.000000 0.967966 nan
5516.800000 0.964280 nan
5517.600000 0.956781 nan
5518.400000 0.960858 nan
5519.200000 0.964444 nan
5520.000000 0.958415 nan
5520.800000 0.955626 nan
5521.600000 0.959866 nan
5522.400000 0.968497 nan
5523.200000 0.963785 nan
5524.000000 0.964509 nan
5524.800000 0.965623 nan
5525.600000 0.957096 nan
5526.400000 0.951042 nan
5527.200000 0.967764 nan
5528.000000 0.954737 nan
5528.800000 0.961179 nan
5529.600000 0.963933 nan
5530.400000 0.962199 nan
5531.200000 0.960671 nan
5532.000000 0.958571 nan
5532.800000 0.973947 nan
5533.600000 0.977933 nan
5534.400000 0.978637 nan
5535.200000 0.981053 nan
5536.000000 0.973247 nan
5536.800000 0.968296 nan
5537.600000 0.985878 nan
5538.400000 0.985733 nan
5539.200000 0.970990 nan
5540.000000 0.962015 nan
5540.800000 0.977646 nan
5541.600000 0.981803 nan
5542.400000 0.977178 nan
5543.200000 0.991288 nan
5544.000000 0.974652 nan
5544.800000 0.970617 nan
5545.600000 0.971699 nan
5546.400000 0.969818 nan
5547.200000 0.972300 nan
5548.000000 0.973050 nan
5548.800000 0.967017 nan
5549.600000 0.979856 nan
5550.400000 0.975088 nan
5551.200000 0.972454 nan
5552.000000 0.973461 nan
5552.800000 0.967059 nan
5553.600000 0.966370 nan
5554.400000 0.981284 nan
5555.200000 0.974663 nan
5556.000000 0.978276 nan
5556.800000 0.995965 nan
5557.600000 0.987219 nan
5558.400000 0.975455 nan
5559.200000 0.980591 nan
5560.000000 0.989597 nan
5560.800000 0.980008 nan
5561.600000 0.976329 nan
5562.400000 0.968942 nan
5563.200000 0.978715 nan
5564.000000 0.983863 nan
5564.800000 0.988218 nan
5565.600000 0.995958 nan
5566.400000 0.974205 nan
5567.200000 0.984146 nan
5568.000000 0.980595 nan
5568.800000 0.974979 nan
5569.600000 0.977878 nan
5570.400000 0.982730 nan
5571.200000 0.981054 nan
5572.000000 0.980042 nan
5572.800000 0.989057 nan
5573.600000 0.982762 nan
5574.400000 0.991754 nan
5575.200000 0.985719 nan
5576.000000 0.972862 nan
5576.800000 0.979136 nan
5577.600000 0.989632 nan
5578.400000 0.982602 nan
5579.200000 1.000255 nan
5580.000000 0.992642 nan
5580.800000 0.988449 nan
5581.600000 0.992697 nan
5582.400000 0.992836 nan
5583.200000 0.993049 nan
5584.000000 0.987809 nan
5584.800000 0.993981 nan
5585.600000 0.990226 nan
5586.400000 0.980503 nan
5587.200000 0.982166 nan
5588.000000 0.991997 nan
5588.800000 0.989475 nan
5589.600000 1.002973 nan
5590.400000 0.992264 nan
5591.200000 0.988259 nan
5592.000000 0.989354 nan
5592.800000 0.996483 nan
5593.600000 1.003317 nan
5594.400000 0.996247 nan
5595.200000 0.995291 nan
5596.000000 0.988191 nan
5596.800000 0.982682 nan
5597.600000 0.980145 nan
5598.400000 0.981594 nan
5599.200000 0.987127 nan
5600.000000 0.992650 nan
5600.800000 0.990258 nan
5601.600000 0.991179 nan
5602.400000 0.986337 nan
5603.200000 0.979304 nan
5604.000000 0.985503 nan
5604.800000 0.995760 nan
5605.600000 0.986392 nan
5606.400000 0.988618 nan
5607.200000 0.979677 nan
5608.000000 0.973668 nan
5608.800000 0.999735 nan
5609.600000 1.007473 nan
5610.400000 0.979839 nan
5611.200000 0.965032 nan
5612.000000 0.972354 nan
5612.800000 0.990296 nan
5613.600000 0.980260 nan
5614.400000 0.978286 nan
5615.200000 0.980296 nan
5616.000000 0.979281 nan
5616.800000 0.984212 nan
5617.600000 0.988170 nan
5618.400000 0.987225 nan
5619.200000 0.975872 nan
5620.000000 0.976186 nan
5620.800000 0.979516 nan
5621.600000 0.981070 nan
5622.400000 0.985978 nan
5623.200000 0.985284 nan
5624.000000 0.994983 nan
5624.800000 0.992318 nan
5625.600000 0.990146 nan
5626.400000 0.990021 nan
5627.200000 0.987185 nan
5628.000000 0.982556 nan
5628.800000 0.984476 nan
5629.600000 0.987084 nan
5630.400000 0.981172 nan
5631.200000 0.982729 nan
5632.000000 0.985121 nan
5632.800000 0.983352 nan
5633.600000 0.983625 nan
5634.400000 0.989361 nan
5635.200000 0.982774 nan
5636.000000 0.992017 nan
5636.800000 0.983255 nan
5637.600000 0.985646 nan
5638.400000 0.994380 nan
5639.200000 0.987690 nan
5640.000000 0.992255 nan
5640.800000 0.985099 nan
5641.600000 0.986648 nan
5642.400000 0.982795 nan
5643.200000 0.980255 nan
5644.000000 0.983504 nan
5644.800000 0.983469 nan
5645.600000 0.973315 nan
5646.400000 0.985245 nan
5647.200000 0.988920 nan
5648.000000 0.987153 nan
5648.800000 0.983033 nan
5649.600000 0.984846 nan
5650.400000 0.989475 nan
5651.200000 0.978512 nan
5652.000000 0.983925 nan
5652.800000 1.003191 nan
5653.600000 0.991953 nan
5654.400000 0.981333 nan
5655.200000 0.975805 nan
5656.000000 0.969918 nan
5656.800000 0.981618 nan
5657.600000 0.984039 nan
5658.400000 0.973579 nan
5659.200000 0.980844 nan
5660.000000 0.985765 nan
5660.800000 0.987736 nan
5661.600000 0.986922 nan
5662.400000 0.972540 nan
5663.200000 0.992342 nan
5664.000000 0.994660 nan
5664.800000 0.988533 nan
5665.600000 0.982140 nan
5666.400000 0.986135 nan
5667.200000 0.995595 nan
5668.000000 0.985945 nan
5668.800000 0.969264 nan
5669.600000 0.995449 nan
5670.400000 0.990374 nan
5671.200000 0.985275 nan
5672.000000 0.985265 nan
5672.800000 0.979247 nan
5673.600000 0.978045 nan
5674.400000 0.990691 nan
5675.200000 0.979058 nan
5676.000000 0.975193 nan
5676.800000 0.985863 nan
5677.600000 0.993780 nan
5678.400000 0.992344 nan
5679.200000 0.988080 nan
5680.000000 0.971618 nan
5680.800000 0.981918 nan
5681.600000 0.988600 nan
5682.400000 0.986855 nan
5683.200000 0.990793 nan
5684.000000 0.991205 nan
5684.800000 0.974284 nan
5685.600000 0.985526 nan
5686.400000 0.968083 nan
5687.200000 0.969273 nan
5688.000000 0.979329 nan
5688.800000 0.990681 nan
5689.600000 0.990642 nan
5690.400000 0.973773 nan
5691.200000 0.979975 nan
5692.000000 0.997662 nan
5692.800000 0.991758 nan
5693.600000 0.982527 nan
5694.400000 0.988221 nan
5695.200000 0.994503 nan
5696.000000 0.982707 nan
5696.800000 0.986191 nan
5697.600000 1.004316 nan
5698.400000 0.986722 nan
5699.200000 0.972460 nan
5700.000000 0.965837 nan
5700.800000 0.970536 nan
5701.600000 0.982852 nan
5702.400000 0.962699 nan
5703.200000 0.973027 nan
5704.000000 0.979626 nan
5704.800000 0.975839 nan
5705.600000 0.968916 nan
5706.400000 0.965034 nan
5707.200000 0.967171 nan
5708.000000 0.974241 nan
5708.800000 0.972838 nan
5709.600000 0.972576 nan
5710.400000 0.966140 nan
5711.200000 0.970846 nan
5712.000000 0.973074 nan
5712.800000 0.962542 nan
5713.600000 0.981501 nan
5714.400000 0.972715 nan
5715.200000 0.972257 nan
5716.000000 0.964922 nan
5716.800000 0.964672 nan
5717.600000 0.968612 nan
5718.400000 0.968079 nan
5719.200000 0.977675 nan
5720.000000 0.973672 nan
5720.800000 0.970342 nan
5721.600000 0.955578 nan
5722.400000 0.949437 nan
5723.200000 0.959765 nan
5724.000000 0.971243 nan
5724.800000 0.968936 nan
5725.600000 0.988432 nan
5726.400000 0.975892 nan
5727.200000 0.959382 nan
5728.000000 0.964833 nan
5728.800000 0.969543 nan
5729.600000 0.968391 nan
5730.400000 0.991536 nan
5731.200000 0.945214 nan
5732.000000 0.972480 nan
5732.800000 0.956603 nan
5733.600000 0.958150 nan
5734.400000 0.972026 nan
5735.200000 0.963387 nan
5736.000000 0.965887 nan
5736.800000 0.967390 nan
5737.600000 0.972392 nan
5738.400000 0.980998 nan
5739.200000 0.976668 nan
5740.000000 0.971699 nan
5740.800000 0.970889 nan
5741.600000 0.957405 nan
5742.400000 0.964983 nan
5743.200000 0.945794 nan
5744.000000 0.961839 nan
5744.800000 0.964252 nan
5745.600000 0.957621 nan
5746.400000 0.965795 nan
5747.200000 0.969198 nan
5748.000000 0.952474 nan
5748.800000 0.965049 nan
5749.600000 0.959042 nan
5750.400000 0.951934 nan
5751.200000 0.949247 nan
5752.000000 0.951367 nan
5752.800000 0.957875 nan
5753.600000 0.939595 nan
5754.400000 0.965079 nan
5755.200000 0.951661 nan
5756.000000 0.947525 nan
5756.800000 0.951980 nan
5757.600000 0.952003 nan
5758.400000 0.958496 nan
5759.200000 0.959655 nan
5760.000000 0.969878 nan
5760.800000 0.968216 nan
5761.600000 0.966467 nan
5762.400000 0.957663 nan
5763.200000 0.940696 nan
5764.000000 0.943642 nan
5764.800000 0.989978 nan
5765.600000 0.952975 nan
5766.400000 0.948816 nan
5767.200000 0.952554 nan
5768.000000 0.953134 nan
5768.800000 0.950927 nan
5769.600000 0.943781 nan
5770.400000 0.945096 nan
5771.200000 0.951094 nan
5772.000000 0.949109 nan
5772.800000 0.953236 nan
5773.600000 0.955338 nan
5774.400000 0.947511 nan
5775.200000 0.938988 nan
5776.000000 0.944770 nan
5776.800000 0.944119 nan
5777.600000 0.948348 nan
5778.400000 0.954927 nan
5779.200000 0.946451 nan
5780.000000 0.934877 nan
5780.800000 0.943233 nan
5781.600000 0.952970 nan
5782.400000 0.946745 nan
5783.200000 0.946356 nan
5784.000000 0.964334 nan
5784.800000 0.953418 nan
5785.600000 0.933199 nan
5786.400000 0.946324 nan
5787.200000 0.946015 nan
5788.000000 0.939732 nan
5788.800000 0.938778 nan
5789.600000 0.936451 nan
5790.400000 0.937735 nan
5791.200000 0.943344 nan
5792.000000 0.944227 nan
5792.800000 0.936120 nan
5793.600000 0.938893 nan
5794.400000 0.934635 nan
5795.200000 0.951273 nan
5796.000000 0.943063 nan
5796.800000 0.932724 nan
5797.600000 0.948665 nan
5798.400000 0.934694 nan
5799.200000 0.947057 nan
5800.000000 0.933876 nan
5800.800000 0.931285 nan
5801.600000 0.924729 nan
5802.400000 0.918511 nan
5803.200000 0.927066 nan
5804.000000 0.933480 nan
5804.800000 0.921677 nan
5805.600000 0.931093 nan
5806.400000 0.936260 nan
5807.200000 0.931769 nan
5808.000000 0.925121 nan
5808.800000 0.926565 nan
5809.600000 0.937097 nan
5810.400000 0.933447 nan
5811.200000 0.933407 nan
5812.000000 0.926386 nan
5812.800000 0.925923 nan
5813.600000 0.920965 nan
5814.400000 0.913877 nan
5815.200000 0.931490 nan
5816.000000 0.920562 nan
5816.800000 0.923827 nan
5817.600000 0.934951 nan
5818.400000 0.932660 nan
5819.200000 0.921678 nan
5820.000000 0.915042 nan
5820.800000 0.914100 nan
5821.600000 0.916853 nan
5822.400000 0.916921 nan
5823.200000 0.911348 nan
5824.000000 0.912407 nan
5824.800000 0.915724 nan
5825.600000 0.923494 nan
5826.400000 0.942346 nan
5827.200000 0.926844 nan
5828.000000 0.897955 nan
5828.800000 0.915533 nan
5829.600000 0.911608 nan
5830.400000 0.900962 nan
5831.200000 0.911433 nan
5832.000000 0.917063 nan
5832.800000 0.909068 nan
5833.600000 0.921950 nan
5834.400000 0.932569 nan
5835.200000 0.914601 nan
5836.000000 0.906016 nan
5836.800000 0.920462 nan
5837.600000 0.924400 nan
5838.400000 0.924281 nan
5839.200000 0.920674 nan
5840.000000 0.924263 nan
5840.800000 0.932603 nan
5841.600000 0.921973 nan
5842.400000 0.912368 nan
5843.200000 0.935227 nan
5844.000000 0.920134 nan
5844.800000 0.913160 nan
5845.600000 0.927928 nan
5846.400000 0.924836 nan
5847.200000 0.918163 nan
5848.000000 0.921960 nan
5848.800000 0.923293 nan
5849.600000 0.916565 nan
5850.400000 0.915082 nan
5851.200000 0.915110 nan
5852.000000 0.920836 nan
5852.800000 0.920877 nan
5853.600000 0.914790 nan
5854.400000 0.914914 nan
5855.200000 0.920333 nan
5856.000000 0.914467 nan
5856.800000 0.902164 nan
5857.600000 0.926693 nan
5858.400000 0.935865 nan
5859.200000 0.923581 nan
5860.000000 0.929214 nan
5860.800000 0.924263 nan
5861.600000 0.921801 nan
5862.400000 0.924602 nan
5863.200000 0.920978 nan
5864.000000 0.914511 nan
5864.800000 0.919158 nan
5865.600000 0.932675 nan
5866.400000 0.926891 nan
5867.200000 0.925978 nan
5868.000000 0.923721 nan
5868.800000 0.913686 nan
5869.600000 0.914473 nan
5870.400000 0.917128 nan
5871.200000 0.910285 nan
5872.000000 0.917748 nan
5872.800000 0.906594 nan
5873.600000 0.911042 nan
5874.400000 0.917099 nan
5875.200000 0.917728 nan
5876.000000 0.911209 nan
5876.800000 0.903083 nan
5877.600000 0.905984 nan
5878.400000 0.908240 nan
5879.200000 0.899242 nan
5880.000000 0.897172 nan
5880.800000 0.899163 nan
5881.600000 0.906613 nan
5882.400000 0.915062 nan
5883.200000 0.906738 nan
5884.000000 0.903713 nan
5884.800000 0.904646 nan
5885.600000 0.906798 nan
5886.400000 0.908324 nan
5887.200000 0.907976 nan
5888.000000 0.907607 nan
5888.800000 0.909047 nan
5889.600000 0.902309 nan
5890.400000 0.907503 nan
5891.200000 0.901845 nan
5892.000000 0.903343 nan
5892.800000 0.906941 nan
5893.600000 0.904418 nan
5894.400000 0.907934 nan
5895.200000 0.905694 nan
5896.000000 0.897319 nan
5896.800000 0.899406 nan
5897.600000 0.895888 nan
5898.400000 0.894713 nan
5899.200000 0.902541 nan
5900.000000 0.901845 nan
5900.800000 0.892314 nan
5901.600000 0.891169 nan
5902.400000 0.895931 nan
5903.200000 0.898048 nan
5904.000000 0.899533 nan
5904.800000 0.900749 nan
5905.600000 0.896872 nan
5906.400000 0.896950 nan
5907.200000 0.900494 nan
5908.000000 0.895277 nan
5908.800000 0.898850 nan
5909.600000 0.898571 nan
5910.400000 0.893991 nan
5911.200000 0.903693 nan
5912.000000 0.898349 nan
5912.800000 0.899060 nan
5913.600000 0.900757 nan
5914.400000 0.902775 nan
5915.200000 0.902056 nan
5916.000000 0.898476 nan
5916.800000 0.896372 nan
5917.600000 0.896307 nan
5918.400000 0.897291 nan
5919.200000 0.895481 nan
5920.000000 0.892110 nan
5920.800000 0.892515 nan
5921.600000 0.894551 nan
5922.400000 0.891574 nan
5923.200000 0.890373 nan
5924.000000 0.895336 nan
5924.800000 0.892130 nan
5925.600000 0.892808 nan
5926.400000 0.896502 nan
5927.200000 0.896835 nan
5928.000000 0.893828 nan
5928.800000 0.895248 nan
5929.600000 0.897268 nan
5930.400000 0.894826 nan
5931.200000 0.895203 nan
5932.000000 0.896056 nan
5932.800000 0.895401 nan
5933.600000 0.894835 nan
5934.400000 0.894257 nan
5935.200000 0.896832 nan
5936.000000 0.895273 nan
5936.800000 0.895398 nan
5937.600000 0.897300 nan
5938.400000 0.897712 nan
5939.200000 0.896101 nan
5940.000000 0.896555 nan
5940.800000 0.895064 nan
5941.600000 0.892054 nan
5942.400000 0.893486 nan
5943.200000 0.892977 nan
5944.000000 0.892057 nan
5944.800000 0.895281 nan
5945.600000 0.893946 nan
5946.400000 0.887629 nan
5947.200000 0.882562 nan
5948.000000 0.884936 nan
5948.800000 0.883047 nan
5949.600000 0.880006 nan
5950.400000 0.880570 nan
5951.200000 0.872076 nan
5952.000000 0.873675 nan
5952.800000 0.869059 nan
5953.600000 0.861377 nan
5954.400000 0.857334 nan
5955.200000 0.854644 nan
5956.000000 0.848884 nan
5956.800000 0.843810 nan
5957.600000 0.842475 nan
5958.400000 0.837381 nan
5959.200000 0.832089 nan
5960.000000 0.830564 nan
5960.800000 0.833146 nan
5961.600000 0.836101 nan
5962.400000 0.834049 nan
5963.200000 0.828325 nan
5964.000000 0.823241 nan
5964.800000 0.815025 nan
5965.600000 0.808357 nan
5966.400000 0.805226 nan
5967.200000 0.804621 nan
5968.000000 0.804733 nan
5968.800000 0.802393 nan
5969.600000 0.804352 nan
5970.400000 0.801780 nan
5971.200000 0.798484 nan
5972.000000 0.797906 nan
5972.800000 0.800449 nan
5973.600000 0.803623 nan
5974.400000 0.800184 nan
5975.200000 0.794940 nan
5976.000000 0.799500 nan
5976.800000 0.801817 nan
5977.600000 0.801669 nan
5978.400000 0.803956 nan
5979.200000 0.805788 nan
5980.000000 0.804129 nan
5980.800000 0.802233 nan
5981.600000 0.804106 nan
5982.400000 0.806247 nan
5983.200000 0.810289 nan
5984.000000 0.815390 nan
5984.800000 0.816316 nan
5985.600000 0.818329 nan
5986.400000 0.818725 nan
5987.200000 0.816067 nan
5988.000000 0.815835 nan
5988.800000 0.820473 nan
5989.600000 0.823106 nan
5990.400000 0.818789 nan
5991.200000 0.826212 nan
5992.000000 0.824133 nan
5992.800000 0.823918 nan
5993.600000 0.827015 nan
5994.400000 0.828424 nan
5995.200000 0.828340 nan
5996.000000 0.831722 nan
5996.800000 0.835066 nan
5997.600000 0.834568 nan
5998.400000 0.833035 nan
5999.200000 0.832688 nan
6000.000000 0.837636 nan
