3600.000000 1.038580 nan
3600.800000 1.038766 nan
3601.600000 1.047410 nan
3602.400000 1.051534 nan
3603.200000 1.039278 nan
3604.000000 1.037044 nan
3604.800000 1.033985 nan
3605.600000 1.042390 nan
3606.400000 1.046986 nan
3607.200000 1.045353 nan
3608.000000 1.051562 nan
3608.800000 1.046132 nan
3609.600000 1.027196 nan
3610.400000 1.024489 nan
3611.200000 1.028045 nan
3612.000000 1.035494 nan
3612.800000 1.034297 nan
3613.600000 1.019754 nan
3614.400000 1.034821 nan
3615.200000 1.045605 nan
3616.000000 1.033501 nan
3616.800000 1.019758 nan
3617.600000 1.025570 nan
3618.400000 1.032175 nan
3619.200000 1.019188 nan
3620.000000 1.031615 nan
3620.800000 1.029449 nan
3621.600000 1.038561 nan
3622.400000 1.039804 nan
3623.200000 1.043109 nan
3624.000000 1.046638 nan
3624.800000 1.037926 nan
3625.600000 1.034155 nan
3626.400000 1.036765 nan
3627.200000 1.025217 nan
3628.000000 1.005747 nan
3628.800000 1.000257 nan
3629.600000 1.014779 nan
3630.400000 1.028692 nan
3631.200000 1.015201 nan
3632.000000 1.027760 nan
3632.800000 1.049872 nan
3633.600000 1.041462 nan
3634.400000 1.034187 nan
3635.200000 1.041921 nan
3636.000000 1.044170 nan
3636.800000 1.029473 nan
3637.600000 1.030410 nan
3638.400000 1.034523 nan
3639.200000 1.032872 nan
3640.000000 1.034614 nan
3640.800000 1.032348 nan
3641.600000 1.023079 nan
3642.400000 1.028106 nan
3643.200000 1.020154 nan
3644.000000 1.019110 nan
3644.800000 1.016166 nan
3645.600000 1.025367 nan
3646.400000 1.030247 nan
3647.200000 1.020896 nan
3648.000000 1.031423 nan
3648.800000 1.041134 nan
3649.600000 1.027135 nan
3650.400000 1.024458 nan
3651.200000 1.030585 nan
3652.000000 1.034565 nan
3652.800000 1.034563 nan
3653.600000 1.035122 nan
3654.400000 1.034317 nan
3655.200000 1.017910 nan
3656.000000 1.025750 nan
3656.800000 1.024498 nan
3657.600000 1.018379 nan
3658.400000 1.026374 nan
3659.200000 1.030489 nan
3660.000000 1.018367 nan
3660.800000 1.021093 nan
3661.600000 1.022424 nan
3662.400000 1.020273 nan
3663.200000 1.016288 nan
3664.000000 1.017797 nan
3664.800000 1.027546 nan
3665.600000 1.016142 nan
3666.400000 1.026038 nan
3667.200000 1.016883 nan
3668.000000 1.012537 nan
3668.800000 1.018265 nan
3669.600000 1.022584 nan
3670.400000 1.023264 nan
3671.200000 1.026196 nan
3672.000000 1.020859 nan
3672.800000 1.020857 nan
3673.600000 1.016211 nan
3674.400000 1.020585 nan
3675.200000 1.030414 nan
3676.000000 1.021279 nan
3676.800000 1.022422 nan
3677.600000 1.016737 nan
3678.400000 1.021521 nan
3679.200000 1.019285 nan
3680.000000 1.017958 nan
3680.800000 1.024081 nan
3681.600000 1.027119 nan
3682.400000 1.026010 nan
3683.200000 1.016356 nan
3684.000000 1.025020 nan
3684.800000 1.022292 nan
3685.600000 1.018903 nan
3686.400000 1.020505 nan
3687.200000 1.015449 nan
3688.000000 1.025513 nan
3688.800000 1.026848 nan
3689.600000 1.028015 nan
3690.400000 1.028693 nan
3691.200000 1.026451 nan
3692.000000 1.023776 nan
3692.800000 1.026761 nan
3693.600000 1.032362 nan
3694.400000 1.022254 nan
3695.200000 1.013812 nan
3696.000000 1.022801 nan
3696.800000 1.023183 nan
3697.600000 1.019400 nan
3698.400000 1.029478 nan
3699.200000 1.011795 nan
3700.000000 1.004620 nan
3700.800000 0.998790 nan
3701.600000 1.007766 nan
3702.400000 1.010038 nan
3703.200000 1.001824 nan
3704.000000 1.004346 nan
3704.800000 1.016612 nan
3705.600000 1.011256 nan
3706.400000 1.019790 nan
3707.200000 1.018745 nan
3708.000000 1.013371 nan
3708.800000 1.014055 nan
3709.600000 1.017659 nan
3710.400000 1.014485 nan
3711.200000 1.014288 nan
3712.000000 1.013781 nan
3712.800000 1.014322 nan
3713.600000 1.018007 nan
3714.400000 1.021232 nan
3715.200000 1.018066 nan
3716.000000 1.007970 nan
3716.800000 0.994117 nan
3717.600000 1.002939 nan
3718.400000 1.015389 nan
3719.200000 1.013132 nan
3720.000000 1.005890 nan
3720.800000 1.007050 nan
3721.600000 1.005247 nan
3722.400000 0.999800 nan
3723.200000 1.000095 nan
3724.000000 1.003094 nan
3724.800000 1.008436 nan
3725.600000 1.011677 nan
3726.400000 1.004825 nan
3727.200000 0.988798 nan
3728.000000 0.983409 nan
3728.800000 0.957603 nan
3729.600000 0.953696 nan
3730.400000 0.957199 nan
3731.200000 0.954832 nan
3732.000000 0.954194 nan
3732.800000 0.973013 nan
3733.600000 1.006914 nan
3734.400000 0.999894 nan
3735.200000 0.996020 nan
3736.000000 1.003656 nan
3736.800000 1.007786 nan
3737.600000 1.003875 nan
3738.400000 1.005388 nan
3739.200000 1.008174 nan
3740.000000 1.022958 nan
3740.800000 1.021863 nan
3741.600000 1.020105 nan
3742.400000 1.021218 nan
3743.200000 1.018081 nan
3744.000000 1.012865 nan
3744.800000 1.021435 nan
3745.600000 1.019321 nan
3746.400000 1.024651 nan
3747.200000 1.025823 nan
3748.000000 1.029743 nan
3748.800000 1.035253 nan
3749.600000 1.025322 nan
3750.400000 1.022507 nan
3751.200000 1.032901 nan
3752.000000 1.033220 nan
3752.800000 1.026851 nan
3753.600000 1.020284 nan
3754.400000 1.019936 nan
3755.200000 1.024200 nan
3756.000000 1.013941 nan
3756.800000 1.013463 nan
3757.600000 1.008965 nan
3758.400000 1.006720 nan
3759.200000 1.003106 nan
3760.000000 1.002138 nan
3760.800000 1.009970 nan
3761.600000 1.000953 nan
3762.400000 0.999404 nan
3763.200000 0.985994 nan
3764.000000 0.992805 nan
3764.800000 1.001666 nan
3765.600000 0.991193 nan
3766.400000 0.977229 nan
3767.200000 0.986431 nan
3768.000000 0.987006 nan
3768.800000 0.983139 nan
3769.600000 0.985305 nan
3770.400000 0.988300 nan
3771.200000 0.986805 nan
3772.000000 0.984989 nan
3772.800000 0.989928 nan
3773.600000 0.991987 nan
3774.400000 0.986164 nan
3775.200000 1.000173 nan
3776.000000 1.005374 nan
3776.800000 1.000344 nan
3777.600000 1.008322 nan
3778.400000 1.008284 nan
3779.200000 1.017183 nan
3780.000000 1.011237 nan
3780.800000 1.008914 nan
3781.600000 1.010070 nan
3782.400000 1.010499 nan
3783.200000 1.009463 nan
3784.000000 1.004387 nan
3784.800000 1.001341 nan
3785.600000 1.012305 nan
3786.400000 1.008962 nan
3787.200000 1.007670 nan
3788.000000 1.011469 nan
3788.800000 1.010683 nan
3789.600000 1.013425 nan
3790.400000 1.001804 nan
3791.200000 1.011206 nan
3792.000000 1.011419 nan
3792.800000 1.013695 nan
3793.600000 1.017628 nan
3794.400000 1.015089 nan
3795.200000 1.019000 nan
3796.000000 1.014115 nan
3796.800000 1.012527 nan
3797.600000 1.014314 nan
3798.400000 1.018831 nan
3799.200000 1.010395 nan
3800.000000 0.985331 nan
3800.800000 0.976351 nan
3801.600000 0.983114 nan
3802.400000 0.976731 nan
3803.200000 0.990858 nan
3804.000000 0.996428 nan
3804.800000 0.989168 nan
3805.600000 0.985412 nan
3806.400000 0.985882 nan
3807.200000 0.993168 nan
3808.000000 1.003589 nan
3808.800000 1.013769 nan
3809.600000 1.002764 nan
3810.400000 0.989469 nan
3811.200000 0.987744 nan
3812.000000 0.973151 nan
3812.800000 0.964851 nan
3813.600000 0.969215 nan
3814.400000 0.981482 nan
3815.200000 0.987195 nan
3816.000000 0.980860 nan
3816.800000 0.973979 nan
3817.600000 0.985289 nan
3818.400000 0.996908 nan
3819.200000 0.982502 nan
3820.000000 0.979838 nan
3820.800000 0.979325 nan
3821.600000 0.980026 nan
3822.400000 0.983285 nan
3823.200000 0.982310 nan
3824.000000 0.988782 nan
3824.800000 0.992773 nan
3825.600000 0.992161 nan
3826.400000 0.988799 nan
3827.200000 0.989552 nan
3828.000000 0.991057 nan
3828.800000 0.982864 nan
3829.600000 0.978573 nan
3830.400000 0.977438 nan
3831.200000 0.974615 nan
3832.000000 0.966976 nan
3832.800000 0.966913 nan
3833.600000 0.977039 nan
3834.400000 0.980408 nan
3835.200000 0.970642 nan
3836.000000 0.985292 nan
3836.800000 0.985492 nan
3837.600000 0.980402 nan
3838.400000 0.986088 nan
3839.200000 0.995051 nan
3840.000000 0.989319 nan
3840.800000 0.986255 nan
3841.600000 0.991366 nan
3842.400000 0.980129 nan
3843.200000 0.973851 nan
3844.000000 0.979152 nan
3844.800000 0.980763 nan
3845.600000 0.972552 nan
3846.400000 0.982250 nan
3847.200000 0.940314 nan
3848.000000 0.977211 nan
3848.800000 0.989639 nan
3849.600000 0.989634 nan
3850.400000 0.986625 nan
3851.200000 0.974535 nan
3852.000000 0.993429 nan
3852.800000 0.997648 nan
3853.600000 0.977852 nan
3854.400000 0.978201 nan
3855.200000 0.983421 nan
3856.000000 0.979223 nan
3856.800000 0.965886 nan
3857.600000 0.943615 nan
3858.400000 0.971914 nan
3859.200000 0.977490 nan
3860.000000 0.985493 nan
3860.800000 0.988915 nan
3861.600000 0.978560 nan
3862.400000 0.971564 nan
3863.200000 0.987876 nan
3864.000000 0.982372 nan
3864.800000 0.985426 nan
3865.600000 0.984060 nan
3866.400000 0.976326 nan
3867.200000 0.974094 nan
3868.000000 0.982830 nan
3868.800000 0.987467 nan
3869.600000 0.993169 nan
3870.400000 0.993560 nan
3871.200000 1.004206 nan
3872.000000 0.995703 nan
3872.800000 0.981218 nan
3873.600000 0.991407 nan
3874.400000 1.007619 nan
3875.200000 1.002959 nan
3876.000000 0.979771 nan
3876.800000 1.000313 nan
3877.600000 1.025515 nan
3878.400000 1.030845 nan
3879.200000 1.026617 nan
3880.000000 1.022615 nan
3880.800000 1.041977 nan
3881.600000 1.014350 nan
3882.400000 0.993208 nan
3883.200000 1.008002 nan
3884.000000 1.019670 nan
3884.800000 1.002128 nan
3885.600000 0.999103 nan
3886.400000 1.012248 nan
3887.200000 1.020854 nan
3888.000000 1.034402 nan
3888.800000 1.020677 nan
3889.600000 1.011565 nan
3890.400000 1.026407 nan
3891.200000 1.018193 nan
3892.000000 1.014212 nan
3892.800000 1.014966 nan
3893.600000 1.019075 nan
3894.400000 1.006380 nan
3895.200000 1.003972 nan
3896.000000 1.023448 nan
3896.800000 1.022900 nan
3897.600000 1.010873 nan
3898.400000 1.029686 nan
3899.200000 1.019683 nan
3900.000000 1.009034 nan
3900.800000 1.018027 nan
3901.600000 1.033155 nan
3902.400000 1.025734 nan
3903.200000 0.993645 nan
3904.000000 0.988291 nan
3904.800000 1.015323 nan
3905.600000 1.022954 nan
3906.400000 1.020207 nan
3907.200000 1.024430 nan
3908.000000 1.026470 nan
3908.800000 1.042454 nan
3909.600000 1.045822 nan
3910.400000 1.031304 nan
3911.200000 1.035384 nan
3912.000000 1.041107 nan
3912.800000 1.036219 nan
3913.600000 1.038095 nan
3914.400000 1.040237 nan
3915.200000 1.038861 nan
3916.000000 1.026698 nan
3916.800000 1.033386 nan
3917.600000 1.035618 nan
3918.400000 1.036661 nan
3919.200000 1.059304 nan
3920.000000 1.043742 nan
3920.800000 1.026434 nan
3921.600000 1.034646 nan
3922.400000 1.034215 nan
3923.200000 1.032961 nan
3924.000000 1.035334 nan
3924.800000 1.030524 nan
3925.600000 1.030626 nan
3926.400000 1.028222 nan
3927.200000 1.046760 nan
3928.000000 1.042208 nan
3928.800000 1.024758 nan
3929.600000 1.017189 nan
3930.400000 1.015885 nan
3931.200000 0.996617 nan
3932.000000 1.016828 nan
3932.800000 1.036637 nan
3933.600000 1.023425 nan
3934.400000 1.019346 nan
3935.200000 1.026921 nan
3936.000000 1.018459 nan
3936.800000 1.020367 nan
3937.600000 1.045001 nan
3938.400000 1.025234 nan
3939.200000 1.027768 nan
3940.000000 1.013524 nan
3940.800000 0.993974 nan
3941.600000 1.004772 nan
3942.400000 0.993047 nan
3943.200000 1.030990 nan
3944.000000 1.030610 nan
3944.800000 1.032790 nan
3945.600000 1.038657 nan
3946.400000 1.035569 nan
3947.200000 1.029432 nan
3948.000000 1.039568 nan
3948.800000 1.039759 nan
3949.600000 1.021461 nan
3950.400000 1.025388 nan
3951.200000 1.036600 nan
3952.000000 1.041595 nan
3952.800000 1.046988 nan
3953.600000 1.056791 nan
3954.400000 1.036541 nan
3955.200000 1.041994 nan
3956.000000 1.039263 nan
3956.800000 1.035770 nan
3957.600000 1.034876 nan
3958.400000 1.032995 nan
3959.200000 1.034499 nan
3960.000000 1.033393 nan
3960.800000 1.041871 nan
3961.600000 1.040719 nan
3962.400000 1.018633 nan
3963.200000 1.011573 nan
3964.000000 1.031280 nan
3964.800000 1.025252 nan
3965.600000 1.025174 nan
3966.400000 1.036549 nan
3967.200000 1.023637 nan
3968.000000 1.029515 nan
3968.800000 1.042764 nan
3969.600000 1.040550 nan
3970.400000 1.038369 nan
3971.200000 1.018993 nan
3972.000000 1.034455 nan
3972.800000 1.041479 nan
3973.600000 1.032404 nan
3974.400000 1.034671 nan
3975.200000 1.047157 nan
3976.000000 1.037063 nan
3976.800000 1.037361 nan
3977.600000 1.025962 nan
3978.400000 1.023798 nan
3979.200000 1.033146 nan
3980.000000 1.039107 nan
3980.800000 1.036231 nan
3981.600000 1.032312 nan
3982.400000 1.016672 nan
3983.200000 1.000288 nan
3984.000000 1.019621 nan
3984.800000 1.040593 nan
3985.600000 1.034056 nan
3986.400000 1.017982 nan
3987.200000 1.026759 nan
3988.000000 1.026055 nan
3988.800000 1.032461 nan
3989.600000 1.036547 nan
3990.400000 1.013481 nan
3991.200000 1.021262 nan
3992.000000 1.047709 nan
3992.800000 1.021502 nan
3993.600000 1.033917 nan
3994.400000 1.041186 nan
3995.200000 1.042710 nan
3996.000000 1.032318 nan
3996.800000 1.028346 nan
3997.600000 1.028274 nan
3998.400000 1.016629 nan
3999.200000 1.021314 nan
4000.000000 1.014805 nan
4000.800000 1.014999 nan
4001.600000 1.006693 nan
4002.400000 1.012220 nan
4003.200000 1.024014 nan
4004.000000 1.013702 nan
4004.800000 1.012842 nan
4005.600000 1.009523 nan
4006.400000 1.000047 nan
4007.200000 0.998379 nan
4008.000000 0.982635 nan
4008.800000 0.970560 nan
4009.600000 0.993036 nan
4010.400000 0.988459 nan
4011.200000 0.984905 nan
4012.000000 0.990630 nan
4012.800000 1.008013 nan
4013.600000 1.003903 nan
4014.400000 0.992851 nan
4015.200000 1.006354 nan
4016.000000 1.005934 nan
4016.800000 0.982630 nan
4017.600000 0.989203 nan
4018.400000 0.989229 nan
4019.200000 0.999545 nan
4020.000000 1.003027 nan
4020.800000 0.974736 nan
4021.600000 0.963972 nan
4022.400000 0.983328 nan
4023.200000 1.002675 nan
4024.000000 0.985624 nan
4024.800000 0.979058 nan
4025.600000 0.997297 nan
4026.400000 1.003824 nan
4027.200000 0.970595 nan
4028.000000 0.964771 nan
4028.800000 0.973117 nan
4029.600000 0.974139 nan
4030.400000 0.963340 nan
4031.200000 0.963433 nan
4032.000000 0.976785 nan
4032.800000 0.970407 nan
4033.600000 1.000942 nan
4034.400000 0.964311 nan
4035.200000 0.962962 nan
4036.000000 0.978687 nan
4036.800000 0.989973 nan
4037.600000 0.990039 nan
4038.400000 0.971881 nan
4039.200000 0.982511 nan
4040.000000 0.995628 nan
4040.800000 0.997504 nan
4041.600000 0.999295 nan
4042.400000 0.991235 nan
4043.200000 0.976724 nan
4044.000000 0.984760 nan
4044.800000 0.990082 nan
4045.600000 0.986850 nan
4046.400000 0.979468 nan
4047.200000 0.998976 nan
4048.000000 1.012740 nan
4048.800000 0.989363 nan
4049.600000 0.969425 nan
4050.400000 0.995014 nan
4051.200000 0.995688 nan
4052.000000 1.040964 nan
4052.800000 1.017219 nan
4053.600000 0.986569 nan
4054.400000 0.994564 nan
4055.200000 0.965566 nan
4056.000000 0.985145 nan
4056.800000 0.963457 nan
4057.600000 1.000126 nan
4058.400000 1.004569 nan
4059.200000 0.983216 nan
4060.000000 0.981948 nan
4060.800000 0.989836 nan
4061.600000 0.973918 nan
4062.400000 0.952374 nan
4063.200000 0.985789 nan
4064.000000 0.986480 nan
4064.800000 0.979100 nan
4065.600000 0.990660 nan
4066.400000 0.988855 nan
4067.200000 0.995790 nan
4068.000000 0.996427 nan
4068.800000 1.001386 nan
4069.600000 0.981758 nan
4070.400000 0.979237 nan
4071.200000 1.001825 nan
4072.000000 1.001946 nan
4072.800000 0.993213 nan
4073.600000 1.010198 nan
4074.400000 0.996828 nan
4075.200000 0.979843 nan
4076.000000 0.971537 nan
4076.800000 0.978272 nan
4077.600000 0.993778 nan
4078.400000 0.979554 nan
4079.200000 1.003027 nan
4080.000000 1.008039 nan
4080.800000 1.000112 nan
4081.600000 1.007586 nan
4082.400000 1.014684 nan
4083.200000 0.996675 nan
4084.000000 0.997564 nan
4084.800000 0.989097 nan
4085.600000 0.988937 nan
4086.400000 0.999782 nan
4087.200000 1.005974 nan
4088.000000 1.002541 nan
4088.800000 0.998570 nan
4089.600000 0.998833 nan
4090.400000 0.998197 nan
4091.200000 0.988498 nan
4092.000000 1.000654 nan
4092.800000 0.999595 nan
4093.600000 0.990429 nan
4094.400000 1.010897 nan
4095.200000 1.037685 nan
4096.000000 1.029121 nan
4096.800000 0.995039 nan
4097.600000 0.980354 nan
4098.400000 1.012133 nan
4099.200000 1.022285 nan
4100.000000 0.982486 nan
4100.800000 1.012152 nan
4101.600000 0.982121 nan
4102.400000 0.997224 nan
4103.200000 1.000665 nan
4104.000000 0.985137 nan
4104.800000 0.983165 nan
4105.600000 1.003467 nan
4106.400000 1.011096 nan
4107.200000 0.990966 nan
4108.000000 0.993854 nan
4108.800000 0.979026 nan
4109.600000 0.986478 nan
4110.400000 1.000394 nan
4111.200000 0.983558 nan
4112.000000 0.966374 nan
4112.800000 0.979867 nan
4113.600000 1.011378 nan
4114.400000 0.999841 nan
4115.200000 0.984301 nan
4116.000000 0.976029 nan
4116.800000 0.978118 nan
4117.600000 1.008976 nan
4118.400000 0.994051 nan
4119.200000 0.989378 nan
4120.000000 0.983195 nan
4120.800000 0.984589 nan
4121.600000 0.992808 nan
4122.400000 0.988313 nan
4123.200000 0.965467 nan
4124.000000 0.990073 nan
4124.800000 1.004572 nan
4125.600000 1.002499 nan
4126.400000 0.981965 nan
4127.200000 0.966240 nan
4128.000000 0.964511 nan
4128.800000 0.964652 nan
4129.600000 0.990215 nan
4130.400000 1.008505 nan
4131.200000 0.978200 nan
4132.000000 0.979326 nan
4132.800000 0.985909 nan
4133.600000 0.971136 nan
4134.400000 0.981106 nan
4135.200000 1.004379 nan
4136.000000 0.991338 nan
4136.800000 0.973512 nan
4137.600000 0.960287 nan
4138.400000 0.954014 nan
4139.200000 0.960298 nan
4140.000000 0.982250 nan
4140.800000 0.998991 nan
4141.600000 0.980186 nan
4142.400000 0.962042 nan
4143.200000 0.962815 nan
4144.000000 0.982587 nan
4144.800000 0.999025 nan
4145.600000 0.988662 nan
4146.400000 0.976771 nan
4147.200000 0.982027 nan
4148.000000 0.987739 nan
4148.800000 0.978720 nan
4149.600000 0.974016 nan
4150.400000 0.984208 nan
4151.200000 0.992446 nan
4152.000000 0.992406 nan
4152.800000 0.997984 nan
4153.600000 0.986691 nan
4154.400000 0.988146 nan
4155.200000 0.985502 nan
4156.000000 0.971541 nan
4156.800000 0.964323 nan
4157.600000 0.964315 nan
4158.400000 0.981988 nan
4159.200000 0.993797 nan
4160.000000 0.974991 nan
4160.800000 0.990374 nan
4161.600000 1.005521 nan
4162.400000 0.956062 nan
4163.200000 0.988293 nan
4164.000000 1.016470 nan
4164.800000 1.013557 nan
4165.600000 0.971907 nan
4166.400000 0.965681 nan
4167.200000 0.994757 nan
4168.000000 0.995811 nan
4168.800000 0.994616 nan
4169.600000 0.976749 nan
4170.400000 0.979869 nan
4171.200000 1.004526 nan
4172.000000 0.998164 nan
4172.800000 0.988769 nan
4173.600000 1.006466 nan
4174.400000 0.975100 nan
4175.200000 0.988589 nan
4176.000000 0.975769 nan
4176.800000 0.980666 nan
4177.600000 0.958177 nan
4178.400000 0.943297 nan
4179.200000 0.978385 nan
4180.000000 0.983938 nan
4180.800000 0.994160 nan
4181.600000 0.973633 nan
4182.400000 0.973053 nan
4183.200000 0.994770 nan
4184.000000 0.994634 nan
4184.800000 0.966816 nan
4185.600000 0.979130 nan
4186.400000 1.006086 nan
4187.200000 1.005227 nan
4188.000000 0.976007 nan
4188.800000 0.965584 nan
4189.600000 0.970037 nan
4190.400000 0.971189 nan
4191.200000 0.985606 nan
4192.000000 0.985919 nan
4192.800000 0.964079 nan
4193.600000 0.964042 nan
4194.400000 0.961597 nan
4195.200000 0.957134 nan
4196.000000 0.963821 nan
4196.800000 0.971592 nan
4197.600000 0.969989 nan
4198.400000 0.962903 nan
4199.200000 0.974585 nan
4200.000000 0.969801 nan
4200.800000 0.965878 nan
4201.600000 0.977212 nan
4202.400000 0.968201 nan
4203.200000 0.956996 nan
4204.000000 0.971437 nan
4204.800000 0.972069 nan
4205.600000 0.973896 nan
4206.400000 0.971761 nan
4207.200000 0.959848 nan
4208.000000 0.956572 nan
4208.800000 0.965263 nan
4209.600000 0.964106 nan
4210.400000 0.951765 nan
4211.200000 0.958478 nan
4212.000000 0.975529 nan
4212.800000 0.969563 nan
4213.600000 0.943415 nan
4214.400000 0.964016 nan
4215.200000 0.978435 nan
4216.000000 0.964179 nan
4216.800000 0.964795 nan
4217.600000 0.959746 nan
4218.400000 0.942248 nan
4219.200000 0.947512 nan
4220.000000 0.954551 nan
4220.800000 0.939689 nan
4221.600000 0.959874 nan
4222.400000 0.955251 nan
4223.200000 0.961217 nan
4224.000000 0.988766 nan
4224.800000 0.986455 nan
4225.600000 0.970758 nan
4226.400000 0.954280 nan
4227.200000 0.958309 nan
4228.000000 0.973124 nan
4228.800000 0.977115 nan
4229.600000 0.969005 nan
4230.400000 0.972875 nan
4231.200000 0.987474 nan
4232.000000 0.968189 nan
4232.800000 0.990052 nan
4233.600000 0.974848 nan
4234.400000 0.973208 nan
4235.200000 0.991455 nan
4236.000000 0.974478 nan
4236.800000 0.972165 nan
4237.600000 0.964710 nan
4238.400000 0.980112 nan
4239.200000 0.979811 nan
4240.000000 0.961533 nan
4240.800000 0.946506 nan
4241.600000 0.953824 nan
4242.400000 0.973936 nan
4243.200000 0.980890 nan
4244.000000 0.983856 nan
4244.800000 0.981066 nan
4245.600000 0.978998 nan
4246.400000 0.982655 nan
4247.200000 0.985197 nan
4248.000000 0.974616 nan
4248.800000 0.978672 nan
4249.600000 0.969187 nan
4250.400000 0.950268 nan
4251.200000 0.979743 nan
4252.000000 1.012666 nan
4252.800000 0.979640 nan
4253.600000 0.955371 nan
4254.400000 0.977498 nan
4255.200000 1.000233 nan
4256.000000 0.982036 nan
4256.800000 0.965227 nan
4257.600000 0.979638 nan
4258.400000 0.992171 nan
4259.200000 0.960225 nan
4260.000000 0.979134 nan
4260.800000 0.993205 nan
4261.600000 0.973197 nan
4262.400000 0.957678 nan
4263.200000 0.961086 nan
4264.000000 0.968884 nan
4264.800000 0.973164 nan
4265.600000 0.977704 nan
4266.400000 0.988713 nan
4267.200000 0.989288 nan
4268.000000 0.959118 nan
4268.800000 0.956352 nan
4269.600000 0.995472 nan
4270.400000 0.976696 nan
4271.200000 0.971442 nan
4272.000000 0.969815 nan
4272.800000 0.956565 nan
4273.600000 0.962556 nan
4274.400000 0.967420 nan
4275.200000 0.959750 nan
4276.000000 0.980083 nan
4276.800000 0.973582 nan
4277.600000 0.971348 nan
4278.400000 0.969072 nan
4279.200000 0.958087 nan
4280.000000 0.971448 nan
4280.800000 0.999571 nan
4281.600000 0.971083 nan
4282.400000 0.960336 nan
4283.200000 0.946776 nan
4284.000000 0.943988 nan
4284.800000 0.960682 nan
4285.600000 0.973275 nan
4286.400000 0.979505 nan
4287.200000 0.996521 nan
4288.000000 0.962919 nan
4288.800000 0.966108 nan
4289.600000 0.958508 nan
4290.400000 0.978283 nan
4291.200000 1.011986 nan
4292.000000 1.013850 nan
4292.800000 0.984951 nan
4293.600000 1.000062 nan
4294.400000 0.990295 nan
4295.200000 0.967929 nan
4296.000000 0.972909 nan
4296.800000 0.976759 nan
4297.600000 0.967262 nan
4298.400000 0.977986 nan
4299.200000 0.990974 nan
4300.000000 0.979884 nan
4300.800000 1.007070 nan
4301.600000 0.989091 nan
4302.400000 0.978371 nan
4303.200000 0.998611 nan
4304.000000 0.993963 nan
4304.800000 0.993827 nan
4305.600000 0.993370 nan
4306.400000 0.989067 nan
4307.200000 0.995217 nan
4308.000000 0.997270 nan
4308.800000 0.985274 nan
4309.600000 0.975124 nan
4310.400000 0.989917 nan
4311.200000 1.021189 nan
4312.000000 0.984770 nan
4312.800000 0.975451 nan
4313.600000 0.976785 nan
4314.400000 0.966822 nan
4315.200000 0.958116 nan
4316.000000 0.945294 nan
4316.800000 0.994293 nan
4317.600000 1.000835 nan
4318.400000 1.000932 nan
4319.200000 1.014072 nan
4320.000000 1.025993 nan
4320.800000 1.021993 nan
4321.600000 1.013529 nan
4322.400000 1.005176 nan
4323.200000 0.977621 nan
4324.000000 0.994025 nan
4324.800000 0.986725 nan
4325.600000 0.953848 nan
4326.400000 0.955045 nan
4327.200000 0.964314 nan
4328.000000 0.965733 nan
4328.800000 0.983318 nan
4329.600000 0.976810 nan
4330.400000 0.964248 nan
4331.200000 0.972788 nan
4332.000000 0.986189 nan
4332.800000 0.955108 nan
4333.600000 0.971164 nan
4334.400000 0.980994 nan
4335.200000 0.988956 nan
4336.000000 0.993522 nan
4336.800000 0.980166 nan
4337.600000 0.967267 nan
4338.400000 1.002837 nan
4339.200000 0.979551 nan
4340.000000 0.982638 nan
4340.800000 0.983440 nan
4341.600000 0.961839 nan
4342.400000 0.950919 nan
4343.200000 0.970979 nan
4344.000000 0.976000 nan
4344.800000 0.965561 nan
4345.600000 0.983245 nan
4346.400000 0.976676 nan
4347.200000 0.977055 nan
4348.000000 0.987347 nan
4348.800000 0.977575 nan
4349.600000 0.947849 nan
4350.400000 0.971153 nan
4351.200000 0.958548 nan
4352.000000 0.979640 nan
4352.800000 0.976524 nan
4353.600000 0.953132 nan
4354.400000 0.950945 nan
4355.200000 0.963562 nan
4356.000000 0.958352 nan
4356.800000 1.022421 nan
4357.600000 0.966288 nan
4358.400000 0.941582 nan
4359.200000 0.960680 nan
4360.000000 0.966209 nan
4360.800000 0.966600 nan
4361.600000 0.935380 nan
4362.400000 0.938827 nan
4363.200000 0.921562 nan
4364.000000 0.948370 nan
4364.800000 0.973623 nan
4365.600000 0.956762 nan
4366.400000 0.936497 nan
4367.200000 0.967002 nan
4368.000000 0.921136 nan
4368.800000 0.914693 nan
4369.600000 0.935871 nan
4370.400000 0.933393 nan
4371.200000 0.923050 nan
4372.000000 0.940542 nan
4372.800000 0.934846 nan
4373.600000 0.970028 nan
4374.400000 0.959549 nan
4375.200000 0.939065 nan
4376.000000 0.924273 nan
4376.800000 0.909338 nan
4377.600000 0.909461 nan
4378.400000 0.954115 nan
4379.200000 0.940583 nan
4380.000000 0.903393 nan
4380.800000 0.915600 nan
4381.600000 0.932331 nan
4382.400000 0.920007 nan
4383.200000 0.915836 nan
4384.000000 0.936853 nan
4384.800000 0.939046 nan
4385.600000 0.936164 nan
4386.400000 0.937834 nan
4387.200000 0.922297 nan
4388.000000 0.909760 nan
4388.800000 0.929392 nan
4389.600000 0.920616 nan
4390.400000 0.899422 nan
4391.200000 0.919822 nan
4392.000000 0.934170 nan
4392.800000 0.951234 nan
4393.600000 0.955447 nan
4394.400000 0.931494 nan
4395.200000 0.955521 nan
4396.000000 0.922133 nan
4396.800000 0.973986 nan
4397.600000 0.968874 nan
4398.400000 0.952856 nan
4399.200000 0.956070 nan
4400.000000 0.947338 nan
4400.800000 0.939678 nan
4401.600000 0.910513 nan
4402.400000 0.949075 nan
4403.200000 0.953472 nan
4404.000000 0.927640 nan
4404.800000 0.923966 nan
4405.600000 0.942812 nan
4406.400000 0.920186 nan
4407.200000 0.941345 nan
4408.000000 0.943516 nan
4408.800000 0.925789 nan
4409.600000 0.923009 nan
4410.400000 0.939814 nan
4411.200000 0.947170 nan
4412.000000 0.921780 nan
4412.800000 0.901154 nan
4413.600000 0.906952 nan
4414.400000 0.909701 nan
4415.200000 0.929743 nan
4416.000000 0.948456 nan
4416.800000 0.937069 nan
4417.600000 0.918545 nan
4418.400000 0.912796 nan
4419.200000 0.891485 nan
4420.000000 0.927987 nan
4420.800000 0.928727 nan
4421.600000 0.898942 nan
4422.400000 0.903827 nan
4423.200000 0.924168 nan
4424.000000 0.888368 nan
4424.800000 0.918929 nan
4425.600000 0.909535 nan
4426.400000 0.920293 nan
4427.200000 0.937528 nan
4428.000000 0.923751 nan
4428.800000 0.916594 nan
4429.600000 0.900219 nan
4430.400000 0.910025 nan
4431.200000 0.941734 nan
4432.000000 0.932302 nan
4432.800000 0.926643 nan
4433.600000 0.955451 nan
4434.400000 0.946163 nan
4435.200000 0.919057 nan
4436.000000 0.941393 nan
4436.800000 0.922231 nan
4437.600000 0.914802 nan
4438.400000 0.926399 nan
4439.200000 0.935022 nan
4440.000000 0.940388 nan
4440.800000 0.937392 nan
4441.600000 0.941507 nan
4442.400000 0.926785 nan
4443.200000 0.937014 nan
4444.000000 0.945847 nan
4444.800000 0.925732 nan
4445.600000 0.910561 nan
4446.400000 0.942356 nan
4447.200000 0.955204 nan
4448.000000 0.947439 nan
4448.800000 0.919240 nan
4449.600000 0.916986 nan
4450.400000 0.949429 nan
4451.200000 0.955416 nan
4452.000000 0.914620 nan
4452.800000 0.907856 nan
4453.600000 0.930960 nan
4454.400000 0.940296 nan
4455.200000 0.924492 nan
4456.000000 0.912725 nan
4456.800000 0.928197 nan
4457.600000 0.925800 nan
4458.400000 0.938980 nan
4459.200000 0.949181 nan
4460.000000 0.953599 nan
4460.800000 0.940146 nan
4461.600000 0.916404 nan
4462.400000 0.909444 nan
4463.200000 0.915432 nan
4464.000000 0.947653 nan
4464.800000 0.927814 nan
4465.600000 0.913861 nan
4466.400000 0.917230 nan
4467.200000 0.920793 nan
4468.000000 0.914791 nan
4468.800000 0.908896 nan
4469.600000 0.918814 nan
4470.400000 0.927248 nan
4471.200000 0.919427 nan
4472.000000 0.907544 nan
4472.800000 0.904233 nan
4473.600000 0.913578 nan
4474.400000 0.925903 nan
4475.200000 0.927558 nan
4476.000000 0.927889 nan
4476.800000 0.904435 nan
4477.600000 0.909359 nan
4478.400000 0.929647 nan
4479.200000 0.924339 nan
4480.000000 0.934059 nan
4480.800000 0.925586 nan
4481.600000 0.901605 nan
4482.400000 0.915978 nan
4483.200000 0.921356 nan
4484.000000 0.914179 nan
4484.800000 0.921343 nan
4485.600000 0.919576 nan
4486.400000 0.925128 nan
4487.200000 0.941507 nan
4488.000000 0.935590 nan
4488.800000 0.927368 nan
4489.600000 0.921659 nan
4490.400000 0.912284 nan
4491.200000 0.912903 nan
4492.000000 0.914868 nan
4492.800000 0.900644 nan
4493.600000 0.920539 nan
4494.400000 0.925083 nan
4495.200000 0.908175 nan
4496.000000 0.908064 nan
4496.800000 0.925527 nan
4497.600000 0.918723 nan
4498.400000 0.930941 nan
4499.200000 0.921417 nan
4500.000000 0.934061 nan
4500.800000 0.942256 nan
4501.600000 0.918161 nan
4502.400000 0.920209 nan
4503.200000 0.947158 nan
4504.000000 0.931852 nan
4504.800000 0.919196 nan
4505.600000 0.914520 nan
4506.400000 0.927257 nan
4507.200000 0.942673 nan
4508.000000 0.925994 nan
4508.800000 0.945931 nan
4509.600000 0.937962 nan
4510.400000 0.921067 nan
4511.200000 0.914503 nan
4512.000000 0.919259 nan
4512.800000 0.932758 nan
4513.600000 0.943838 nan
4514.400000 0.925671 nan
4515.200000 0.947472 nan
4516.000000 0.937302 nan
4516.800000 0.924442 nan
4517.600000 0.927295 nan
4518.400000 0.936835 nan
4519.200000 0.946723 nan
4520.000000 0.958788 nan
4520.800000 0.963482 nan
4521.600000 0.955684 nan
4522.400000 0.932859 nan
4523.200000 0.928327 nan
4524.000000 0.952202 nan
4524.800000 0.965341 nan
4525.600000 0.955876 nan
4526.400000 0.955063 nan
4527.200000 0.952790 nan
4528.000000 0.952312 nan
4528.800000 0.942389 nan
4529.600000 0.927906 nan
4530.400000 0.929729 nan
4531.200000 0.937958 nan
4532.000000 0.933338 nan
4532.800000 0.943023 nan
4533.600000 0.945271 nan
4534.400000 0.938247 nan
4535.200000 0.941910 nan
4536.000000 0.957349 nan
4536.800000 0.935140 nan
4537.600000 0.931366 nan
4538.400000 0.945821 nan
4539.200000 0.956050 nan
4540.000000 0.953548 nan
4540.800000 0.945282 nan
4541.600000 0.943732 nan
4542.400000 0.950550 nan
4543.200000 0.951731 nan
4544.000000 0.949500 nan
4544.800000 0.959461 nan
4545.600000 0.964239 nan
4546.400000 0.967487 nan
4547.200000 0.976718 nan
4548.000000 0.957029 nan
4548.800000 0.975398 nan
4549.600000 0.948232 nan
4550.400000 0.947610 nan
4551.200000 0.958419 nan
4552.000000 0.955785 nan
4552.800000 0.949960 nan
4553.600000 0.951167 nan
4554.400000 0.930356 nan
4555.200000 0.959539 nan
4556.000000 0.952729 nan
4556.800000 0.948842 nan
4557.600000 0.952209 nan
4558.400000 0.937717 nan
4559.200000 0.948137 nan
4560.000000 0.957347 nan
4560.800000 0.945620 nan
4561.600000 0.950499 nan
4562.400000 0.953579 nan
4563.200000 0.955379 nan
4564.000000 0.958174 nan
4564.800000 0.941553 nan
4565.600000 0.978467 nan
4566.400000 0.962951 nan
4567.200000 0.937994 nan
4568.000000 0.945986 nan
4568.800000 0.965566 nan
4569.600000 0.966281 nan
4570.400000 0.964466 nan
4571.200000 0.952990 nan
4572.000000 0.974700 nan
4572.800000 0.973448 nan
4573.600000 0.988232 nan
4574.400000 1.001226 nan
4575.200000 0.983267 nan
4576.000000 0.974221 nan
4576.800000 0.974834 nan
4577.600000 0.979495 nan
4578.400000 0.975929 nan
4579.200000 0.984337 nan
4580.000000 0.985608 nan
4580.800000 0.970350 nan
4581.600000 0.976224 nan
4582.400000 0.986107 nan
4583.200000 0.987626 nan
4584.000000 0.985207 nan
4584.800000 0.980596 nan
4585.600000 0.986785 nan
4586.400000 0.999776 nan
4587.200000 0.997111 nan
4588.000000 1.006861 nan
4588.800000 1.006351 nan
4589.600000 0.995505 nan
4590.400000 0.998203 nan
4591.200000 1.000835 nan
4592.000000 0.992011 nan
4592.800000 0.990573 nan
4593.600000 0.994658 nan
4594.400000 0.986336 nan
4595.200000 0.987063 nan
4596.000000 0.999828 nan
4596.800000 1.003033 nan
4597.600000 0.995038 nan
4598.400000 0.997886 nan
4599.200000 0.993499 nan
4600.000000 0.997150 nan
4600.800000 1.002394 nan
4601.600000 1.003167 nan
4602.400000 0.989998 nan
4603.200000 0.979016 nan
4604.000000 0.994414 nan
4604.800000 0.996719 nan
4605.600000 0.995602 nan
4606.400000 0.991712 nan
4607.200000 0.987765 nan
4608.000000 0.995171 nan
4608.800000 1.009934 nan
4609.600000 1.015464 nan
4610.400000 1.016587 nan
4611.200000 1.013916 nan
4612.000000 1.012472 nan
4612.800000 1.017235 nan
4613.600000 1.013344 nan
4614.400000 1.004583 nan
4615.200000 1.009674 nan
4616.000000 1.013392 nan
4616.800000 1.012691 nan
4617.600000 1.005693 nan
4618.400000 0.996025 nan
4619.200000 0.988552 nan
4620.000000 0.990818 nan
4620.800000 1.004021 nan
4621.600000 1.010961 nan
4622.400000 1.016174 nan
4623.200000 1.023079 nan
4624.000000 1.022583 nan
4624.800000 1.016745 nan
4625.600000 1.012825 nan
4626.400000 1.015674 nan
4627.200000 1.021567 nan
4628.000000 1.016785 nan
4628.800000 1.013486 nan
4629.600000 1.009895 nan
4630.400000 0.999619 nan
4631.200000 0.991086 nan
4632.000000 0.996731 nan
4632.800000 1.008040 nan
4633.600000 1.006965 nan
4634.400000 1.008969 nan
4635.200000 1.019153 nan
4636.000000 1.019573 nan
4636.800000 1.016684 nan
4637.600000 1.022008 nan
4638.400000 1.015765 nan
4639.200000 1.012881 nan
4640.000000 1.023868 nan
4640.800000 1.034751 nan
4641.600000 1.036799 nan
4642.400000 1.037114 nan
4643.200000 1.045938 nan
4644.000000 1.057503 nan
4644.800000 1.050336 nan
4645.600000 1.043496 nan
4646.400000 1.066207 nan
4647.200000 1.078760 nan
4648.000000 1.071411 nan
4648.800000 1.065908 nan
4649.600000 1.065739 nan
4650.400000 1.048838 nan
4651.200000 1.038742 nan
4652.000000 1.038240 nan
4652.800000 1.030374 nan
4653.600000 1.026240 nan
4654.400000 1.037680 nan
4655.200000 1.046959 nan
4656.000000 1.047676 nan
4656.800000 1.036326 nan
4657.600000 1.034394 nan
4658.400000 1.029528 nan
4659.200000 1.020073 nan
4660.000000 1.014997 nan
4660.800000 1.016014 nan
4661.600000 1.021747 nan
4662.400000 1.022124 nan
4663.200000 1.012272 nan
4664.000000 0.991257 nan
4664.800000 0.968729 nan
4665.600000 0.950956 nan
4666.400000 0.940076 nan
4667.200000 0.945520 nan
4668.000000 0.944981 nan
4668.800000 0.935651 nan
4669.600000 0.933418 nan
4670.400000 0.936757 nan
4671.200000 0.952178 nan
4672.000000 0.987973 nan
4672.800000 0.991780 nan
4673.600000 0.992675 nan
4674.400000 1.029038 nan
4675.200000 1.129059 nan
4676.000000 1.210679 nan
4676.800000 1.219201 nan
4677.600000 1.194884 nan
4678.400000 1.189005 nan
4679.200000 1.188134 nan
4680.000000 1.187128 nan
4680.800000 1.185725 nan
4681.600000 1.187001 nan
4682.400000 1.187659 nan
4683.200000 1.182920 nan
4684.000000 1.185337 nan
4684.800000 1.186597 nan
4685.600000 1.185230 nan
4686.400000 1.183107 nan
4687.200000 1.180466 nan
4688.000000 1.178895 nan
4688.800000 1.178972 nan
4689.600000 1.174587 nan
4690.400000 1.172428 nan
4691.200000 1.172186 nan
4692.000000 1.170675 nan
4692.800000 1.170060 nan
4693.600000 1.170187 nan
4694.400000 1.167710 nan
4695.200000 1.164908 nan
4696.000000 1.167210 nan
4696.800000 1.161002 nan
4697.600000 1.164560 nan
4698.400000 1.170676 nan
4699.200000 1.166594 nan
4700.000000 1.157967 nan
4700.800000 1.165699 nan
4701.600000 1.160266 nan
4702.400000 1.164695 nan
4703.200000 1.168897 nan
4704.000000 1.163229 nan
4704.800000 1.158245 nan
4705.600000 1.163094 nan
4706.400000 1.159839 nan
4707.200000 1.169813 nan
4708.000000 1.166358 nan
4708.800000 1.160200 nan
4709.600000 1.159218 nan
4710.400000 1.159542 nan
4711.200000 1.157932 nan
4712.000000 1.161807 nan
4712.800000 1.160751 nan
4713.600000 1.159591 nan
4714.400000 1.160138 nan
4715.200000 1.159405 nan
4716.000000 1.159288 nan
4716.800000 1.160254 nan
4717.600000 1.155020 nan
4718.400000 1.154015 nan
4719.200000 1.158109 nan
4720.000000 1.157235 nan
4720.800000 1.156142 nan
4721.600000 1.156035 nan
4722.400000 1.154166 nan
4723.200000 1.152261 nan
4724.000000 1.151136 nan
4724.800000 1.148097 nan
4725.600000 1.147028 nan
4726.400000 1.146912 nan
4727.200000 1.143576 nan
4728.000000 1.136692 nan
4728.800000 1.133879 nan
4729.600000 1.139077 nan
4730.400000 1.137394 nan
4731.200000 1.136921 nan
4732.000000 1.140851 nan
4732.800000 1.143595 nan
4733.600000 1.140563 nan
4734.400000 1.136952 nan
4735.200000 1.140739 nan
4736.000000 1.142142 nan
4736.800000 1.148748 nan
4737.600000 1.150092 nan
4738.400000 1.144434 nan
4739.200000 1.138069 nan
4740.000000 1.137402 nan
4740.800000 1.145393 nan
4741.600000 1.142804 nan
4742.400000 1.141238 nan
4743.200000 1.142348 nan
4744.000000 1.145263 nan
4744.800000 1.148144 nan
4745.600000 1.148659 nan
4746.400000 1.149628 nan
4747.200000 1.145983 nan
4748.000000 1.148512 nan
4748.800000 1.152561 nan
4749.600000 1.153732 nan
4750.400000 1.152409 nan
4751.200000 1.151550 nan
4752.000000 1.152111 nan
4752.800000 1.155548 nan
4753.600000 1.147220 nan
4754.400000 1.144301 nan
4755.200000 1.148912 nan
4756.000000 1.151868 nan
4756.800000 1.149777 nan
4757.600000 1.153797 nan
4758.400000 1.160285 nan
4759.200000 1.156844 nan
4760.000000 1.154657 nan
4760.800000 1.154944 nan
4761.600000 1.156282 nan
4762.400000 1.159763 nan
4763.200000 1.161791 nan
4764.000000 1.172221 nan
4764.800000 1.176605 nan
4765.600000 1.179066 nan
4766.400000 1.179643 nan
4767.200000 1.179286 nan
4768.000000 1.181623 nan
4768.800000 1.182808 nan
4769.600000 1.177451 nan
4770.400000 1.180775 nan
4771.200000 1.180860 nan
4772.000000 1.181506 nan
4772.800000 1.182311 nan
4773.600000 1.178542 nan
4774.400000 1.183753 nan
4775.200000 1.192192 nan
4776.000000 1.190599 nan
4776.800000 1.195402 nan
4777.600000 1.200972 nan
4778.400000 1.201365 nan
4779.200000 1.202092 nan
4780.000000 1.207743 nan
4780.800000 1.203527 nan
4781.600000 1.207565 nan
4782.400000 1.207780 nan
4783.200000 1.205281 nan
4784.000000 1.206296 nan
4784.800000 1.211114 nan
4785.600000 1.212603 nan
4786.400000 1.211729 nan
4787.200000 1.209311 nan
4788.000000 1.210911 nan
4788.800000 1.209607 nan
4789.600000 1.204139 nan
4790.400000 1.200838 nan
4791.200000 1.201560 nan
4792.000000 1.196832 nan
4792.800000 1.195984 nan
4793.600000 1.190867 nan
4794.400000 1.184309 nan
4795.200000 1.183398 nan
4796.000000 1.187397 nan
4796.800000 1.184694 nan
4797.600000 1.179619 nan
4798.400000 1.169474 nan
4799.200000 1.173501 nan
4800.000000 1.170581 nan
4800.800000 1.166855 nan
4801.600000 1.171854 nan
4802.400000 1.161390 nan
4803.200000 1.158471 nan
4804.000000 1.155388 nan
4804.800000 1.158759 nan
4805.600000 1.157341 nan
4806.400000 1.147059 nan
4807.200000 1.141053 nan
4808.000000 1.151065 nan
4808.800000 1.142604 nan
4809.600000 1.131896 nan
4810.400000 1.137623 nan
4811.200000 1.141195 nan
4812.000000 1.139828 nan
4812.800000 1.137039 nan
4813.600000 1.129344 nan
4814.400000 1.138913 nan
4815.200000 1.130229 nan
4816.000000 1.125733 nan
4816.800000 1.120733 nan
4817.600000 1.116985 nan
4818.400000 1.118390 nan
4819.200000 1.119202 nan
4820.000000 1.116686 nan
4820.800000 1.113240 nan
4821.600000 1.115689 nan
4822.400000 1.111006 nan
4823.200000 1.112191 nan
4824.000000 1.118507 nan
4824.800000 1.108113 nan
4825.600000 1.113722 nan
4826.400000 1.109464 nan
4827.200000 1.118168 nan
4828.000000 1.108161 nan
4828.800000 1.100825 nan
4829.600000 1.110885 nan
4830.400000 1.112729 nan
4831.200000 1.101411 nan
4832.000000 1.104608 nan
4832.800000 1.092199 nan
4833.600000 1.084225 nan
4834.400000 1.090893 nan
4835.200000 1.101465 nan
4836.000000 1.104020 nan
4836.800000 1.106531 nan
4837.600000 1.091928 nan
4838.400000 1.087948 nan
4839.200000 1.090997 nan
4840.000000 1.089458 nan
4840.800000 1.082754 nan
4841.600000 1.081897 nan
4842.400000 1.089235 nan
4843.200000 1.077558 nan
4844.000000 1.082103 nan
4844.800000 1.082701 nan
4845.600000 1.082396 nan
4846.400000 1.082786 nan
4847.200000 1.081113 nan
4848.000000 1.094621 nan
4848.800000 1.081866 nan
4849.600000 1.079067 nan
4850.400000 1.079559 nan
4851.200000 1.081649 nan
4852.000000 1.077878 nan
4852.800000 1.067369 nan
4853.600000 1.081229 nan
4854.400000 1.094798 nan
4855.200000 1.079915 nan
4856.000000 1.079198 nan
4856.800000 1.084734 nan
4857.600000 1.084103 nan
4858.400000 1.082319 nan
4859.200000 1.082311 nan
4860.000000 1.076640 nan
4860.800000 1.075518 nan
4861.600000 1.073259 nan
4862.400000 1.073278 nan
4863.200000 1.077594 nan
4864.000000 1.081568 nan
4864.800000 1.079323 nan
4865.600000 1.077011 nan
4866.400000 1.093142 nan
4867.200000 1.088039 nan
4868.000000 1.082518 nan
4868.800000 1.079755 nan
4869.600000 1.072797 nan
4870.400000 1.084585 nan
4871.200000 1.080762 nan
4872.000000 1.090634 nan
4872.800000 1.095395 nan
4873.600000 1.080597 nan
4874.400000 1.070122 nan
4875.200000 1.082136 nan
4876.000000 1.084729 nan
4876.800000 1.074942 nan
4877.600000 1.071950 nan
4878.400000 1.080042 nan
4879.200000 1.076298 nan
4880.000000 1.064226 nan
4880.800000 1.063968 nan
4881.600000 1.072316 nan
4882.400000 1.054740 nan
4883.200000 1.065519 nan
4884.000000 1.072439 nan
4884.800000 1.069400 nan
4885.600000 1.067674 nan
4886.400000 1.074284 nan
4887.200000 1.077060 nan
4888.000000 1.053798 nan
4888.800000 1.067664 nan
4889.600000 1.073721 nan
4890.400000 1.069247 nan
4891.200000 1.060622 nan
4892.000000 1.052971 nan
4892.800000 1.051521 nan
4893.600000 1.041037 nan
4894.400000 1.051421 nan
4895.200000 1.047668 nan
4896.000000 1.046043 nan
4896.800000 1.051820 nan
4897.600000 1.054642 nan
4898.400000 1.050842 nan
4899.200000 1.054216 nan
4900.000000 1.056275 nan
4900.800000 1.048044 nan
4901.600000 1.052634 nan
4902.400000 1.049540 nan
4903.200000 1.035591 nan
4904.000000 1.041067 nan
4904.800000 1.040435 nan
4905.600000 1.036393 nan
4906.400000 1.039606 nan
4907.200000 1.025905 nan
4908.000000 1.023270 nan
4908.800000 1.031814 nan
4909.600000 1.017961 nan
4910.400000 1.043259 nan
4911.200000 1.045860 nan
4912.000000 1.031064 nan
4912.800000 1.027331 nan
4913.600000 1.028586 nan
4914.400000 1.029125 nan
4915.200000 1.035504 nan
4916.000000 1.030673 nan
4916.800000 1.011029 nan
4917.600000 1.016486 nan
4918.400000 1.014637 nan
4919.200000 1.001992 nan
4920.000000 0.998026 nan
4920.800000 1.010530 nan
4921.600000 1.009619 nan
4922.400000 1.004737 nan
4923.200000 1.012928 nan
4924.000000 1.007477 nan
4924.800000 1.003123 nan
4925.600000 1.006289 nan
4926.400000 1.003772 nan
4927.200000 1.002356 nan
4928.000000 1.005515 nan
4928.800000 1.004565 nan
4929.600000 1.002511 nan
4930.400000 1.004762 nan
4931.200000 1.003832 nan
4932.000000 0.996397 nan
4932.800000 1.003923 nan
4933.600000 0.990128 nan
4934.400000 0.968014 nan
4935.200000 0.987780 nan
4936.000000 1.001967 nan
4936.800000 0.996766 nan
4937.600000 1.004050 nan
4938.400000 1.006499 nan
4939.200000 0.996910 nan
4940.000000 0.994407 nan
4940.800000 0.993517 nan
4941.600000 0.992935 nan
4942.400000 0.994430 nan
4943.200000 0.997728 nan
4944.000000 1.000454 nan
4944.800000 1.004066 nan
4945.600000 0.979778 nan
4946.400000 0.963711 nan
4947.200000 0.971709 nan
4948.000000 0.985037 nan
4948.800000 0.987163 nan
4949.600000 0.989856 nan
4950.400000 0.973802 nan
4951.200000 0.989277 nan
4952.000000 1.000303 nan
4952.800000 0.989547 nan
4953.600000 0.980216 nan
4954.400000 0.986094 nan
4955.200000 0.981477 nan
4956.000000 0.987882 nan
4956.800000 0.972654 nan
4957.600000 0.976522 nan
4958.400000 0.996653 nan
4959.200000 1.001066 nan
4960.000000 0.990621 nan
4960.800000 1.004749 nan
4961.600000 0.982383 nan
4962.400000 0.995651 nan
4963.200000 1.002727 nan
4964.000000 0.996025 nan
4964.800000 0.994837 nan
4965.600000 0.995600 nan
4966.400000 0.974853 nan
4967.200000 0.991727 nan
4968.000000 0.991303 nan
4968.800000 0.998605 nan
4969.600000 0.991058 nan
4970.400000 0.979966 nan
4971.200000 0.983161 nan
4972.000000 0.984917 nan
4972.800000 0.981009 nan
4973.600000 1.002812 nan
4974.400000 1.004105 nan
4975.200000 0.995036 nan
4976.000000 0.997031 nan
4976.800000 1.003134 nan
4977.600000 0.992109 nan
4978.400000 0.997195 nan
4979.200000 0.993423 nan
4980.000000 0.995493 nan
4980.800000 0.990530 nan
4981.600000 0.994978 nan
4982.400000 1.006259 nan
4983.200000 0.995006 nan
4984.000000 0.994638 nan
4984.800000 0.994738 nan
4985.600000 1.003088 nan
4986.400000 1.008130 nan
4987.200000 1.004447 nan
4988.000000 0.994742 nan
4988.800000 0.993067 nan
4989.600000 1.017775 nan
4990.400000 1.004684 nan
4991.200000 0.997751 nan
4992.000000 1.006405 nan
4992.800000 1.005593 nan
4993.600000 0.996771 nan
4994.400000 1.001183 nan
4995.200000 0.988236 nan
4996.000000 0.991112 nan
4996.800000 0.993044 nan
4997.600000 1.003148 nan
4998.400000 1.013294 nan
4999.200000 1.010337 nan
5000.000000 0.999755 nan
5000.800000 1.010141 nan
5001.600000 1.018363 nan
5002.400000 1.004415 nan
5003.200000 1.003850 nan
5004.000000 1.002762 nan
5004.800000 0.993922 nan
5005.600000 0.994316 nan
5006.400000 1.001389 nan
5007.200000 0.998636 nan
5008.000000 0.993817 nan
5008.800000 1.009683 nan
5009.600000 1.015734 nan
5010.400000 1.008075 nan
5011.200000 1.010857 nan
5012.000000 1.014898 nan
5012.800000 1.016276 nan
5013.600000 1.013263 nan
5014.400000 1.007970 nan
5015.200000 1.007373 nan
5016.000000 1.009878 nan
5016.800000 1.010850 nan
5017.600000 1.013647 nan
5018.400000 1.009605 nan
5019.200000 1.016977 nan
5020.000000 1.031418 nan
5020.800000 1.033861 nan
5021.600000 1.028813 nan
5022.400000 1.028644 nan
5023.200000 1.022423 nan
5024.000000 1.018779 nan
5024.800000 1.029755 nan
5025.600000 1.030443 nan
5026.400000 1.028827 nan
5027.200000 1.025049 nan
5028.000000 1.022393 nan
5028.800000 1.041391 nan
5029.600000 1.037523 nan
5030.400000 1.033303 nan
5031.200000 1.038429 nan
5032.000000 1.042380 nan
5032.800000 1.037587 nan
5033.600000 1.030460 nan
5034.400000 1.033768 nan
5035.200000 1.032851 nan
5036.000000 1.033087 nan
5036.800000 1.036877 nan
5037.600000 1.037045 nan
5038.400000 1.035448 nan
5039.200000 1.037456 nan
5040.000000 1.040261 nan
5040.800000 1.038668 nan
5041.600000 1.040402 nan
5042.400000 1.037546 nan
5043.200000 1.030625 nan
5044.000000 1.032100 nan
5044.800000 1.034428 nan
5045.600000 1.017802 nan
5046.400000 1.044477 nan
5047.200000 1.041846 nan
5048.000000 1.026089 nan
5048.800000 1.044804 nan
5049.600000 1.053063 nan
5050.400000 1.024121 nan
5051.200000 1.026753 nan
5052.000000 1.063597 nan
5052.800000 1.037054 nan
5053.600000 1.023189 nan
5054.400000 1.021648 nan
5055.200000 1.026218 nan
5056.000000 1.030899 nan
5056.800000 1.026231 nan
5057.600000 1.035775 nan
5058.400000 1.031121 nan
5059.200000 1.015193 nan
5060.000000 1.023162 nan
5060.800000 1.033995 nan
5061.600000 1.030872 nan
5062.400000 1.030596 nan
5063.200000 1.021083 nan
5064.000000 1.026061 nan
5064.800000 1.003745 nan
5065.600000 1.006345 nan
5066.400000 1.017451 nan
5067.200000 1.012170 nan
5068.000000 1.010506 nan
5068.800000 1.027265 nan
5069.600000 1.009157 nan
5070.400000 1.004355 nan
5071.200000 1.005639 nan
5072.000000 1.007635 nan
5072.800000 1.004957 nan
5073.600000 0.995686 nan
5074.400000 1.002468 nan
5075.200000 1.009649 nan
5076.000000 1.000911 nan
5076.800000 0.997934 nan
5077.600000 0.993544 nan
5078.400000 0.989520 nan
5079.200000 0.998486 nan
5080.000000 1.003689 nan
5080.800000 1.018551 nan
5081.600000 0.999764 nan
5082.400000 1.008967 nan
5083.200000 1.008201 nan
5084.000000 0.992681 nan
5084.800000 1.001272 nan
5085.600000 1.001188 nan
5086.400000 0.994550 nan
5087.200000 0.992923 nan
5088.000000 0.996503 nan
5088.800000 0.999867 nan
5089.600000 1.003165 nan
5090.400000 1.007517 nan
5091.200000 1.006729 nan
5092.000000 1.010255 nan
5092.800000 1.001384 nan
5093.600000 0.998519 nan
5094.400000 1.004077 nan
5095.200000 1.001982 nan
5096.000000 0.990145 nan
5096.800000 0.996632 nan
5097.600000 0.983097 nan
5098.400000 0.992545 nan
5099.200000 0.989177 nan
5100.000000 0.986296 nan
5100.800000 0.989408 nan
5101.600000 0.987477 nan
5102.400000 0.985760 nan
5103.200000 0.995094 nan
5104.000000 0.979896 nan
5104.800000 0.975173 nan
5105.600000 0.982447 nan
5106.400000 0.988931 nan
5107.200000 0.983764 nan
5108.000000 0.973904 nan
5108.800000 0.999526 nan
5109.600000 0.990235 nan
5110.400000 1.010905 nan
5111.200000 1.007244 nan
5112.000000 0.990847 nan
5112.800000 1.001318 nan
5113.600000 1.007428 nan
5114.400000 1.003161 nan
5115.200000 1.006036 nan
5116.000000 1.002659 nan
5116.800000 0.998691 nan
5117.600000 1.001082 nan
5118.400000 1.003503 nan
5119.200000 0.994217 nan
5120.000000 0.995240 nan
5120.800000 0.999539 nan
5121.600000 0.994071 nan
5122.400000 1.003573 nan
5123.200000 1.016932 nan
5124.000000 1.024106 nan
5124.800000 1.036288 nan
5125.600000 1.002439 nan
5126.400000 1.002540 nan
5127.200000 1.001813 nan
5128.000000 1.017415 nan
5128.800000 1.016012 nan
5129.600000 0.997255 nan
5130.400000 1.015868 nan
5131.200000 1.007372 nan
5132.000000 1.030126 nan
5132.800000 1.011969 nan
5133.600000 1.006120 nan
5134.400000 1.012772 nan
5135.200000 1.013793 nan
5136.000000 1.023789 nan
5136.800000 1.038823 nan
5137.600000 1.024742 nan
5138.400000 1.025190 nan
5139.200000 1.036024 nan
5140.000000 1.032786 nan
5140.800000 1.020453 nan
5141.600000 1.027016 nan
5142.400000 1.031801 nan
5143.200000 1.030625 nan
5144.000000 1.019830 nan
5144.800000 1.027244 nan
5145.600000 1.036420 nan
5146.400000 1.033052 nan
5147.200000 1.030688 nan
5148.000000 1.034248 nan
5148.800000 1.041444 nan
5149.600000 1.034853 nan
5150.400000 1.040720 nan
5151.200000 1.042563 nan
5152.000000 1.033271 nan
5152.800000 1.030231 nan
5153.600000 1.024205 nan
5154.400000 1.025087 nan
5155.200000 1.053267 nan
5156.000000 1.051476 nan
5156.800000 1.054522 nan
5157.600000 1.060304 nan
5158.400000 1.033414 nan
5159.200000 1.037232 nan
5160.000000 1.030654 nan
5160.800000 1.016068 nan
5161.600000 1.018848 nan
5162.400000 1.026989 nan
5163.200000 1.032295 nan
5164.000000 1.042527 nan
5164.800000 1.051062 nan
5165.600000 1.033278 nan
5166.400000 1.022203 nan
5167.200000 1.002763 nan
5168.000000 1.008729 nan
5168.800000 1.024243 nan
5169.600000 1.010662 nan
5170.400000 1.021102 nan
5171.200000 1.042076 nan
5172.000000 1.018389 nan
5172.800000 1.031409 nan
5173.600000 1.037778 nan
5174.400000 1.025264 nan
5175.200000 1.025343 nan
5176.000000 1.027105 nan
5176.800000 1.037049 nan
5177.600000 1.033649 nan
5178.400000 1.030954 nan
5179.200000 1.038646 nan
5180.000000 1.043535 nan
5180.800000 1.033490 nan
5181.600000 1.026539 nan
5182.400000 1.024271 nan
5183.200000 1.035678 nan
5184.000000 1.023720 nan
5184.800000 1.031729 nan
5185.600000 1.038225 nan
5186.400000 1.010463 nan
5187.200000 1.003137 nan
5188.000000 1.019661 nan
5188.800000 1.043078 nan
5189.600000 1.035035 nan
5190.400000 1.032165 nan
5191.200000 1.022903 nan
5192.000000 1.000715 nan
5192.800000 1.019170 nan
5193.600000 1.032241 nan
5194.400000 1.014722 nan
5195.200000 1.010350 nan
5196.000000 1.015840 nan
5196.800000 1.010290 nan
5197.600000 1.008298 nan
5198.400000 1.041141 nan
5199.200000 1.017747 nan
5200.000000 1.028140 nan
5200.800000 1.021070 nan
5201.600000 1.013936 nan
5202.400000 1.018354 nan
5203.200000 1.019993 nan
5204.000000 1.008153 nan
5204.800000 1.018206 nan
5205.600000 1.028133 nan
5206.400000 1.015494 nan
5207.200000 0.995152 nan
5208.000000 0.991202 nan
5208.800000 1.006419 nan
5209.600000 1.014383 nan
5210.400000 1.005974 nan
5211.200000 1.016308 nan
5212.000000 1.006282 nan
5212.800000 1.016334 nan
5213.600000 1.024591 nan
5214.400000 1.006456 nan
5215.200000 0.990945 nan
5216.000000 1.007283 nan
5216.800000 1.026552 nan
5217.600000 0.997402 nan
5218.400000 0.992122 nan
5219.200000 1.016400 nan
5220.000000 1.025738 nan
5220.800000 1.002628 nan
5221.600000 1.008642 nan
5222.400000 1.011731 nan
5223.200000 1.015320 nan
5224.000000 0.997262 nan
5224.800000 0.993086 nan
5225.600000 1.002946 nan
5226.400000 0.991418 nan
5227.200000 1.004935 nan
5228.000000 1.018135 nan
5228.800000 1.013918 nan
5229.600000 1.014357 nan
5230.400000 1.002665 nan
5231.200000 0.993710 nan
5232.000000 1.011657 nan
5232.800000 0.995736 nan
5233.600000 1.026061 nan
5234.400000 1.033440 nan
5235.200000 1.023616 nan
5236.000000 1.013546 nan
5236.800000 1.015279 nan
5237.600000 1.026169 nan
5238.400000 1.023351 nan
5239.200000 1.022470 nan
5240.000000 1.015627 nan
5240.800000 1.025930 nan
5241.600000 1.021168 nan
5242.400000 1.006677 nan
5243.200000 1.017993 nan
5244.000000 1.031075 nan
5244.800000 1.012324 nan
5245.600000 1.007102 nan
5246.400000 1.014194 nan
5247.200000 1.011436 nan
5248.000000 1.010005 nan
5248.800000 1.026207 nan
5249.600000 1.026312 nan
5250.400000 1.016741 nan
5251.200000 1.020491 nan
5252.000000 1.022025 nan
5252.800000 1.015661 nan
5253.600000 1.015479 nan
5254.400000 1.021939 nan
5255.200000 1.011546 nan
5256.000000 1.042332 nan
5256.800000 1.005753 nan
5257.600000 1.012550 nan
5258.400000 1.030593 nan
5259.200000 1.029558 nan
5260.000000 1.023775 nan
5260.800000 1.022328 nan
5261.600000 1.015968 nan
5262.400000 1.017252 nan
5263.200000 1.020429 nan
5264.000000 1.027178 nan
5264.800000 1.032596 nan
5265.600000 1.035261 nan
5266.400000 1.038338 nan
5267.200000 1.009973 nan
5268.000000 1.029421 nan
5268.800000 1.029578 nan
5269.600000 1.022838 nan
5270.400000 1.027671 nan
5271.200000 1.034529 nan
5272.000000 1.022292 nan
5272.800000 1.015356 nan
5273.600000 1.023065 nan
5274.400000 1.031710 nan
5275.200000 1.016989 nan
5276.000000 1.009444 nan
5276.800000 1.023078 nan
5277.600000 1.015964 nan
5278.400000 1.018058 nan
5279.200000 1.012102 nan
5280.000000 1.031681 nan
5280.800000 1.037780 nan
5281.600000 1.022872 nan
5282.400000 1.013552 nan
5283.200000 1.030073 nan
5284.000000 1.040374 nan
5284.800000 0.999138 nan
5285.600000 1.030917 nan
5286.400000 1.039718 nan
5287.200000 1.027975 nan
5288.000000 1.034500 nan
5288.800000 1.035527 nan
5289.600000 1.024055 nan
5290.400000 1.041820 nan
5291.200000 1.042033 nan
5292.000000 1.035424 nan
5292.800000 1.034306 nan
5293.600000 1.040904 nan
5294.400000 1.048070 nan
5295.200000 1.038708 nan
5296.000000 1.029405 nan
5296.800000 1.025313 nan
5297.600000 1.038545 nan
5298.400000 1.052515 nan
5299.200000 1.047625 nan
5300.000000 1.029780 nan
5300.800000 1.031982 nan
5301.600000 1.035771 nan
5302.400000 1.057819 nan
5303.200000 1.030824 nan
5304.000000 1.019556 nan
5304.800000 1.044733 nan
5305.600000 1.041018 nan
5306.400000 1.033224 nan
5307.200000 1.042427 nan
5308.000000 1.044876 nan
5308.800000 1.031246 nan
5309.600000 1.040503 nan
5310.400000 1.055444 nan
5311.200000 1.036521 nan
5312.000000 1.049583 nan
5312.800000 1.051806 nan
5313.600000 1.046554 nan
5314.400000 1.046787 nan
5315.200000 1.040964 nan
5316.000000 1.034817 nan
5316.800000 1.044310 nan
5317.600000 1.050666 nan
5318.400000 1.054645 nan
5319.200000 1.069130 nan
5320.000000 1.046188 nan
5320.800000 1.041312 nan
5321.600000 1.050569 nan
5322.400000 1.033123 nan
5323.200000 1.041888 nan
5324.000000 1.042719 nan
5324.800000 1.033201 nan
5325.600000 1.032055 nan
5326.400000 1.039468 nan
5327.200000 1.045853 nan
5328.000000 1.049640 nan
5328.800000 1.061783 nan
5329.600000 1.061007 nan
5330.400000 1.051243 nan
5331.200000 1.044887 nan
5332.000000 1.054968 nan
5332.800000 1.050847 nan
5333.600000 1.025960 nan
5334.400000 1.051668 nan
5335.200000 1.066053 nan
5336.000000 1.049092 nan
5336.800000 1.049376 nan
5337.600000 1.055450 nan
5338.400000 1.059423 nan
5339.200000 1.066567 nan
5340.000000 1.068765 nan
5340.800000 1.055552 nan
5341.600000 1.056241 nan
5342.400000 1.057612 nan
5343.200000 1.063037 nan
5344.000000 1.067330 nan
5344.800000 1.068960 nan
5345.600000 1.074570 nan
5346.400000 1.047094 nan
5347.200000 1.055989 nan
5348.000000 1.069348 nan
5348.800000 1.065937 nan
5349.600000 1.059341 nan
5350.400000 1.065486 nan
5351.200000 1.071377 nan
5352.000000 1.054518 nan
5352.800000 1.063584 nan
5353.600000 1.086054 nan
5354.400000 1.083780 nan
5355.200000 1.073735 nan
5356.000000 1.076820 nan
5356.800000 1.078172 nan
5357.600000 1.089490 nan
5358.400000 1.076444 nan
5359.200000 1.082472 nan
5360.000000 1.085423 nan
5360.800000 1.086552 nan
5361.600000 1.094454 nan
5362.400000 1.097235 nan
5363.200000 1.095619 nan
5364.000000 1.107532 nan
5364.800000 1.109143 nan
5365.600000 1.098817 nan
5366.400000 1.094378 nan
5367.200000 1.099853 nan
5368.000000 1.100885 nan
5368.800000 1.103737 nan
5369.600000 1.087649 nan
5370.400000 1.087589 nan
5371.200000 1.092437 nan
5372.000000 1.098480 nan
5372.800000 1.101361 nan
5373.600000 1.098717 nan
5374.400000 1.117186 nan
5375.200000 1.105332 nan
5376.000000 1.099371 nan
5376.800000 1.100313 nan
5377.600000 1.105775 nan
5378.400000 1.108617 nan
5379.200000 1.099814 nan
5380.000000 1.094229 nan
5380.800000 1.106005 nan
5381.600000 1.095621 nan
5382.400000 1.103025 nan
5383.200000 1.107869 nan
5384.000000 1.104833 nan
5384.800000 1.116697 nan
5385.600000 1.112243 nan
5386.400000 1.106149 nan
5387.200000 1.114929 nan
5388.000000 1.110954 nan
5388.800000 1.107726 nan
5389.600000 1.111283 nan
5390.400000 1.108570 nan
5391.200000 1.108033 nan
5392.000000 1.118275 nan
5392.800000 1.122849 nan
5393.600000 1.124294 nan
5394.400000 1.126918 nan
5395.200000 1.134343 nan
5396.000000 1.143959 nan
5396.800000 1.140714 nan
5397.600000 1.127376 nan
5398.400000 1.134375 nan
5399.200000 1.139599 nan
5400.000000 1.135899 nan
5400.800000 1.131907 nan
5401.600000 1.134085 nan
5402.400000 1.133051 nan
5403.200000 1.128526 nan
5404.000000 1.139040 nan
5404.800000 1.135045 nan
5405.600000 1.137805 nan
5406.400000 1.139149 nan
5407.200000 1.123343 nan
5408.000000 1.128053 nan
5408.800000 1.132652 nan
5409.600000 1.137486 nan
5410.400000 1.131369 nan
5411.200000 1.129529 nan
5412.000000 1.125809 nan
5412.800000 1.119200 nan
5413.600000 1.139044 nan
5414.400000 1.133830 nan
5415.200000 1.143726 nan
5416.000000 1.140877 nan
5416.800000 1.130227 nan
5417.600000 1.124178 nan
5418.400000 1.122906 nan
5419.200000 1.116215 nan
5420.000000 1.117864 nan
5420.800000 1.119931 nan
5421.600000 1.120870 nan
5422.400000 1.112243 nan
5423.200000 1.102786 nan
5424.000000 1.102400 nan
5424.800000 1.105344 nan
5425.600000 1.114045 nan
5426.400000 1.110679 nan
5427.200000 1.115643 nan
5428.000000 1.107041 nan
5428.800000 1.099059 nan
5429.600000 1.107848 nan
5430.400000 1.107674 nan
5431.200000 1.095890 nan
5432.000000 1.109779 nan
5432.800000 1.090008 nan
5433.600000 1.089480 nan
5434.400000 1.100985 nan
5435.200000 1.102414 nan
5436.000000 1.111534 nan
5436.800000 1.099230 nan
5437.600000 1.083617 nan
5438.400000 1.089583 nan
5439.200000 1.100974 nan
5440.000000 1.100950 nan
5440.800000 1.092166 nan
5441.600000 1.088052 nan
5442.400000 1.079728 nan
5443.200000 1.091806 nan
5444.000000 1.081884 nan
5444.800000 1.079652 nan
5445.600000 1.088114 nan
5446.400000 1.096669 nan
5447.200000 1.103826 nan
5448.000000 1.101620 nan
5448.800000 1.082216 nan
5449.600000 1.070653 nan
5450.400000 1.078506 nan
5451.200000 1.071907 nan
5452.000000 1.052750 nan
5452.800000 1.060959 nan
5453.600000 1.060887 nan
5454.400000 1.076418 nan
5455.200000 1.074492 nan
5456.000000 1.081206 nan
5456.800000 1.070486 nan
5457.600000 1.056140 nan
5458.400000 1.072944 nan
5459.200000 1.044671 nan
5460.000000 1.072297 nan
5460.800000 1.068367 nan
5461.600000 1.066958 nan
5462.400000 1.071831 nan
5463.200000 1.077755 nan
5464.000000 1.083906 nan
5464.800000 1.063487 nan
5465.600000 1.046626 nan
5466.400000 1.052406 nan
5467.200000 1.068166 nan
5468.000000 1.068446 nan
5468.800000 1.056857 nan
5469.600000 1.053337 nan
5470.400000 1.045765 nan
5471.200000 1.051443 nan
5472.000000 1.047415 nan
5472.800000 1.045430 nan
5473.600000 1.045662 nan
5474.400000 1.053037 nan
5475.200000 1.065430 nan
5476.000000 1.057783 nan
5476.800000 1.068885 nan
5477.600000 1.035304 nan
5478.400000 1.034521 nan
5479.200000 1.038218 nan
5480.000000 1.038192 nan
5480.800000 1.048856 nan
5481.600000 1.034667 nan
5482.400000 1.043190 nan
5483.200000 1.031563 nan
5484.000000 1.042354 nan
5484.800000 1.064233 nan
5485.600000 1.046207 nan
5486.400000 1.011871 nan
5487.200000 1.057643 nan
5488.000000 1.045214 nan
5488.800000 1.053872 nan
5489.600000 1.052012 nan
5490.400000 1.041838 nan
5491.200000 1.047439 nan
5492.000000 1.064978 nan
5492.800000 1.051217 nan
5493.600000 1.040938 nan
5494.400000 1.058555 nan
5495.200000 1.052825 nan
5496.000000 1.045379 nan
5496.800000 1.043268 nan
5497.600000 1.031793 nan
5498.400000 1.019970 nan
5499.200000 1.050388 nan
5500.000000 1.063645 nan
5500.800000 1.044907 nan
5501.600000 1.040000 nan
5502.400000 1.044413 nan
5503.200000 1.039101 nan
5504.000000 1.041173 nan
5504.800000 1.051125 nan
5505.600000 1.037941 nan
5506.400000 1.036528 nan
5507.200000 1.043292 nan
5508.000000 1.039327 nan
5508.800000 1.037315 nan
5509.600000 1.062196 nan
5510.400000 1.035285 nan
5511.200000 1.035920 nan
5512.000000 1.042663 nan
5512.800000 1.039377 nan
5513.600000 1.042496 nan
5514.400000 1.051695 nan
5515.200000 1.038746 nan
5516.000000 1.033094 nan
5516.800000 1.037043 nan
5517.600000 1.045171 nan
5518.400000 1.040736 nan
5519.200000 1.036867 nan
5520.000000 1.043389 nan
5520.800000 1.046434 nan
5521.600000 1.041812 nan
5522.400000 1.032528 nan
5523.200000 1.037576 nan
5524.000000 1.036797 nan
5524.800000 1.035601 nan
5525.600000 1.044827 nan
5526.400000 1.051479 nan
5527.200000 1.033310 nan
5528.000000 1.047408 nan
5528.800000 1.040389 nan
5529.600000 1.037416 nan
5530.400000 1.039286 nan
5531.200000 1.040939 nan
5532.000000 1.043219 nan
5532.800000 1.026750 nan
5533.600000 1.022565 nan
5534.400000 1.021829 nan
5535.200000 1.019313 nan
5536.000000 1.027489 nan
5536.800000 1.032742 nan
5537.600000 1.014324 nan
5538.400000 1.014474 nan
5539.200000 1.029877 nan
5540.000000 1.039484 nan
5540.800000 1.022865 nan
5541.600000 1.018534 nan
5542.400000 1.023355 nan
5543.200000 1.008788 nan
5544.000000 1.026007 nan
5544.800000 1.030272 nan
5545.600000 1.029125 nan
5546.400000 1.031121 nan
5547.200000 1.028489 nan
5548.000000 1.027696 nan
5548.800000 1.034108 nan
5549.600000 1.020558 nan
5550.400000 1.025548 nan
5551.200000 1.028326 nan
5552.000000 1.027263 nan
5552.800000 1.034063 nan
5553.600000 1.034800 nan
5554.400000 1.019073 nan
5555.200000 1.025996 nan
5556.000000 1.022206 nan
5556.800000 1.004051 nan
5557.600000 1.012947 nan
5558.400000 1.025163 nan
5559.200000 1.019793 nan
5560.000000 1.010513 nan
5560.800000 1.020400 nan
5561.600000 1.024245 nan
5562.400000 1.032053 nan
5563.200000 1.021748 nan
5564.000000 1.016402 nan
5564.800000 1.011922 nan
5565.600000 1.004058 nan
5566.400000 1.026478 nan
5567.200000 1.016109 nan
5568.000000 1.019789 nan
5568.800000 1.025663 nan
5569.600000 1.022623 nan
5570.400000 1.017574 nan
5571.200000 1.019312 nan
5572.000000 1.020364 nan
5572.800000 1.011064 nan
5573.600000 1.017540 nan
5574.400000 1.008314 nan
5575.200000 1.014488 nan
5576.000000 1.027895 nan
5576.800000 1.021309 nan
5577.600000 1.010477 nan
5578.400000 1.017706 nan
5579.200000 0.999745 nan
5580.000000 1.007413 nan
5580.800000 1.011686 nan
5581.600000 1.007356 nan
5582.400000 1.007215 nan
5583.200000 1.006999 nan
5584.000000 1.012341 nan
5584.800000 1.006055 nan
5585.600000 1.009870 nan
5586.400000 1.019885 nan
5587.200000 1.018158 nan
5588.000000 1.008068 nan
5588.800000 1.010637 nan
5589.600000 0.997035 nan
5590.400000 1.007796 nan
5591.200000 1.011881 nan
5592.000000 1.010760 nan
5592.800000 1.003529 nan
5593.600000 0.996694 nan
5594.400000 1.003767 nan
5595.200000 1.004731 nan
5596.000000 1.011950 nan
5596.800000 1.017624 nan
5597.600000 1.020257 nan
5598.400000 1.018751 nan
5599.200000 1.013041 nan
5600.000000 1.007404 nan
5600.800000 1.009838 nan
5601.600000 1.008899 nan
5602.400000 1.013852 nan
5603.200000 1.021133 nan
5604.000000 1.014710 nan
5604.800000 1.004258 nan
5605.600000 1.013796 nan
5606.400000 1.011513 nan
5607.200000 1.020744 nan
5608.000000 1.027045 nan
5608.800000 1.000265 nan
5609.600000 0.992583 nan
5610.400000 1.020576 nan
5611.200000 1.036235 nan
5612.000000 1.028432 nan
5612.800000 1.009799 nan
5613.600000 1.020138 nan
5614.400000 1.022196 nan
5615.200000 1.020100 nan
5616.000000 1.021157 nan
5616.800000 1.016041 nan
5617.600000 1.011972 nan
5618.400000 1.012940 nan
5619.200000 1.024725 nan
5620.000000 1.024395 nan
5620.800000 1.020912 nan
5621.600000 1.019295 nan
5622.400000 1.014221 nan
5623.200000 1.014936 nan
5624.000000 1.005042 nan
5624.800000 1.007741 nan
5625.600000 1.009953 nan
5626.400000 1.010080 nan
5627.200000 1.012981 nan
5628.000000 1.017753 nan
5628.800000 1.015769 nan
5629.600000 1.013085 nan
5630.400000 1.019190 nan
5631.200000 1.017575 nan
5632.000000 1.015104 nan
5632.800000 1.016930 nan
5633.600000 1.016648 nan
5634.400000 1.010754 nan
5635.200000 1.017528 nan
5636.000000 1.008047 nan
5636.800000 1.017030 nan
5637.600000 1.014563 nan
5638.400000 1.005652 nan
5639.200000 1.012463 nan
5640.000000 1.007805 nan
5640.800000 1.015127 nan
5641.600000 1.013532 nan
5642.400000 1.017506 nan
5643.200000 1.020143 nan
5644.000000 1.016773 nan
5644.800000 1.016809 nan
5645.600000 1.027416 nan
5646.400000 1.014976 nan
5647.200000 1.011204 nan
5648.000000 1.013014 nan
5648.800000 1.017260 nan
5649.600000 1.015387 nan
5650.400000 1.010637 nan
5651.200000 1.021959 nan
5652.000000 1.016338 nan
5652.800000 0.996820 nan
5653.600000 1.008112 nan
5654.400000 1.019022 nan
5655.200000 1.024795 nan
5656.000000 1.031015 nan
5656.800000 1.018727 nan
5657.600000 1.016219 nan
5658.400000 1.027138 nan
5659.200000 1.019530 nan
5660.000000 1.014441 nan
5660.800000 1.012416 nan
5661.600000 1.013251 nan
5662.400000 1.028236 nan
5663.200000 1.007717 nan
5664.000000 1.005369 nan
5664.800000 1.011600 nan
5665.600000 1.018185 nan
5666.400000 1.014060 nan
5667.200000 1.004424 nan
5668.000000 1.014256 nan
5668.800000 1.031710 nan
5669.600000 1.004572 nan
5670.400000 1.009720 nan
5671.200000 1.014945 nan
5672.000000 1.014956 nan
5672.800000 1.021193 nan
5673.600000 1.022448 nan
5674.400000 1.009397 nan
5675.200000 1.021389 nan
5676.000000 1.025438 nan
5676.800000 1.014340 nan
5677.600000 1.006259 nan
5678.400000 1.007716 nan
5679.200000 1.012064 nan
5680.000000 1.029211 nan
5680.800000 1.018414 nan
5681.600000 1.011531 nan
5682.400000 1.013320 nan
5683.200000 1.009292 nan
5684.000000 1.008873 nan
5684.800000 1.026394 nan
5685.600000 1.014686 nan
5686.400000 1.032969 nan
5687.200000 1.031701 nan
5688.000000 1.021108 nan
5688.800000 1.009406 nan
5689.600000 1.009447 nan
5690.400000 1.026934 nan
5691.200000 1.020434 nan
5692.000000 1.002344 nan
5692.800000 1.008310 nan
5693.600000 1.017783 nan
5694.400000 1.011920 nan
5695.200000 1.005527 nan
5696.000000 1.017598 nan
5696.800000 1.014002 nan
5697.600000 0.995702 nan
5698.400000 1.013456 nan
5699.200000 1.028320 nan
5700.000000 1.035372 nan
5700.800000 1.030359 nan
5701.600000 1.017447 nan
5702.400000 1.038746 nan
5703.200000 1.027720 nan
5704.000000 1.020797 nan
5704.800000 1.024759 nan
5705.600000 1.032081 nan
5706.400000 1.036233 nan
5707.200000 1.033944 nan
5708.000000 1.026440 nan
5708.800000 1.027920 nan
5709.600000 1.028197 nan
5710.400000 1.035047 nan
5711.200000 1.030030 nan
5712.000000 1.027671 nan
5712.800000 1.038916 nan
5713.600000 1.018847 nan
5714.400000 1.028050 nan
5715.200000 1.028534 nan
5716.000000 1.036354 nan
5716.800000 1.036622 nan
5717.600000 1.032405 nan
5718.400000 1.032973 nan
5719.200000 1.022835 nan
5720.000000 1.027040 nan
5720.800000 1.030565 nan
5721.600000 1.046487 nan
5722.400000 1.053255 nan
5723.200000 1.041921 nan
5724.000000 1.029608 nan
5724.800000 1.032060 nan
5725.600000 1.011703 nan
5726.400000 1.024703 nan
5727.200000 1.042338 nan
5728.000000 1.036449 nan
5728.800000 1.031414 nan
5729.600000 1.032641 nan
5730.400000 1.008536 nan
5731.200000 1.057961 nan
5732.000000 1.028299 nan
5732.800000 1.045366 nan
5733.600000 1.043677 nan
5734.400000 1.028779 nan
5735.200000 1.038004 nan
5736.000000 1.035318 nan
5736.800000 1.033709 nan
5737.600000 1.028392 nan
5738.400000 1.019370 nan
5739.200000 1.023889 nan
5740.000000 1.029125 nan
5740.800000 1.029984 nan
5741.600000 1.044490 nan
5742.400000 1.036288 nan
5743.200000 1.057313 nan
5744.000000 1.039675 nan
5744.800000 1.037074 nan
5745.600000 1.044255 nan
5746.400000 1.035417 nan
5747.200000 1.031781 nan
5748.000000 1.049897 nan
5748.800000 1.036216 nan
5749.600000 1.042707 nan
5750.400000 1.050493 nan
5751.200000 1.053467 nan
5752.000000 1.051120 nan
5752.800000 1.043977 nan
5753.600000 1.064289 nan
5754.400000 1.036185 nan
5755.200000 1.050794 nan
5756.000000 1.055381 nan
5756.800000 1.050442 nan
5757.600000 1.050417 nan
5758.400000 1.043301 nan
5759.200000 1.042041 nan
5760.000000 1.031058 nan
5760.800000 1.032827 nan
5761.600000 1.034697 nan
5762.400000 1.044209 nan
5763.200000 1.063043 nan
5764.000000 1.059724 nan
5764.800000 1.010123 nan
5765.600000 1.049345 nan
5766.400000 1.053945 nan
5767.200000 1.049809 nan
5768.000000 1.049171 nan
5768.800000 1.051605 nan
5769.600000 1.059568 nan
5770.400000 1.058094 nan
5771.200000 1.051421 nan
5772.000000 1.053619 nan
5772.800000 1.049059 nan
5773.600000 1.046750 nan
5774.400000 1.055397 nan
5775.200000 1.064976 nan
5776.000000 1.058459 nan
5776.800000 1.059188 nan
5777.600000 1.054466 nan
5778.400000 1.047200 nan
5779.200000 1.056579 nan
5780.000000 1.069659 nan
5780.800000 1.060184 nan
5781.600000 1.049351 nan
5782.400000 1.056251 nan
5783.200000 1.056685 nan
5784.000000 1.036985 nan
5784.800000 1.048858 nan
5785.600000 1.071583 nan
5786.400000 1.056720 nan
5787.200000 1.057066 nan
5788.000000 1.064133 nan
5788.800000 1.065215 nan
5789.600000 1.067861 nan
5790.400000 1.066399 nan
5791.200000 1.060059 nan
5792.000000 1.059067 nan
5792.800000 1.068239 nan
5793.600000 1.065084 nan
5794.400000 1.069936 nan
5795.200000 1.051223 nan
5796.000000 1.060374 nan
5796.800000 1.072129 nan
5797.600000 1.054113 nan
5798.400000 1.069869 nan
5799.200000 1.055903 nan
5800.000000 1.070806 nan
5800.800000 1.073785 nan
5801.600000 1.081398 nan
5802.400000 1.088718 nan
5803.200000 1.078672 nan
5804.000000 1.071260 nan
5804.800000 1.084978 nan
5805.600000 1.074007 nan
5806.400000 1.068079 nan
5807.200000 1.073227 nan
5808.000000 1.080939 nan
5808.800000 1.079255 nan
5809.600000 1.067126 nan
5810.400000 1.071298 nan
5811.200000 1.071344 nan
5812.000000 1.079464 nan
5812.800000 1.080004 nan
5813.600000 1.085818 nan
5814.400000 1.094239 nan
5815.200000 1.073549 nan
5816.000000 1.086293 nan
5816.800000 1.082454 nan
5817.600000 1.069575 nan
5818.400000 1.072202 nan
5819.200000 1.084978 nan
5820.000000 1.092845 nan
5820.800000 1.093973 nan
5821.600000 1.090687 nan
5822.400000 1.090606 nan
5823.200000 1.097276 nan
5824.000000 1.096002 nan
5824.800000 1.092032 nan
5825.600000 1.082844 nan
5826.400000 1.061181 nan
5827.200000 1.078931 nan
5828.000000 1.113642 nan
5828.800000 1.092260 nan
5829.600000 1.096963 nan
5830.400000 1.109924 nan
5831.200000 1.097174 nan
5832.000000 1.090437 nan
5832.800000 1.100028 nan
5833.600000 1.084657 nan
5834.400000 1.072307 nan
5835.200000 1.093373 nan
5836.000000 1.103733 nan
5836.800000 1.086411 nan
5837.600000 1.081782 nan
5838.400000 1.081921 nan
5839.200000 1.086161 nan
5840.000000 1.081943 nan
5840.800000 1.072267 nan
5841.600000 1.084630 nan
5842.400000 1.096049 nan
5843.200000 1.069259 nan
5844.000000 1.086798 nan
5844.800000 1.095098 nan
5845.600000 1.077669 nan
5846.400000 1.081273 nan
5847.200000 1.089132 nan
5848.000000 1.084646 nan
5848.800000 1.083080 nan
5849.600000 1.091030 nan
5850.400000 1.092798 nan
5851.200000 1.092764 nan
5852.000000 1.085970 nan
5852.800000 1.085921 nan
5853.600000 1.093147 nan
5854.400000 1.092999 nan
5855.200000 1.086563 nan
5856.000000 1.093533 nan
5856.800000 1.108446 nan
5857.600000 1.079106 nan
5858.400000 1.068530 nan
5859.200000 1.082742 nan
5860.000000 1.076179 nan
5860.800000 1.081943 nan
5861.600000 1.084833 nan
5862.400000 1.081547 nan
5863.200000 1.085802 nan
5864.000000 1.093480 nan
5864.800000 1.087952 nan
5865.600000 1.072185 nan
5866.400000 1.078875 nan
5867.200000 1.079939 nan
5868.000000 1.082578 nan
5868.800000 1.094468 nan
5869.600000 1.093526 nan
5870.400000 1.090361 nan
5871.200000 1.098557 nan
5872.000000 1.089623 nan
5872.800000 1.103029 nan
5873.600000 1.097645 nan
5874.400000 1.090394 nan
5875.200000 1.089647 nan
5876.000000 1.097443 nan
5876.800000 1.107317 nan
5877.600000 1.103773 nan
5878.400000 1.101030 nan
5879.200000 1.112048 nan
5880.000000 1.114614 nan
5880.800000 1.112146 nan
5881.600000 1.103007 nan
5882.400000 1.092822 nan
5883.200000 1.102854 nan
5884.000000 1.106546 nan
5884.800000 1.105405 nan
5885.600000 1.102781 nan
5886.400000 1.100929 nan
5887.200000 1.101351 nan
5888.000000 1.101799 nan
5888.800000 1.100053 nan
5889.600000 1.108268 nan
5890.400000 1.101924 nan
5891.200000 1.108839 nan
5892.000000 1.106999 nan
5892.800000 1.102608 nan
5893.600000 1.105684 nan
5894.400000 1.101401 nan
5895.200000 1.104126 nan
5896.000000 1.114431 nan
5896.800000 1.111845 nan
5897.600000 1.116211 nan
5898.400000 1.117677 nan
5899.200000 1.107983 nan
5900.000000 1.108839 nan
5900.800000 1.120682 nan
5901.600000 1.122122 nan
5902.400000 1.116157 nan
5903.200000 1.113526 nan
5904.000000 1.111687 nan
5904.800000 1.110187 nan
5905.600000 1.114987 nan
5906.400000 1.114890 nan
5907.200000 1.110502 nan
5908.000000 1.116973 nan
5908.800000 1.112533 nan
5909.600000 1.112878 nan
5910.400000 1.118580 nan
5911.200000 1.106571 nan
5912.000000 1.113153 nan
5912.800000 1.112273 nan
5913.600000 1.110178 nan
5914.400000 1.107696 nan
5915.200000 1.108578 nan
5916.000000 1.112995 nan
5916.800000 1.115609 nan
5917.600000 1.115690 nan
5918.400000 1.114466 nan
5919.200000 1.116718 nan
5920.000000 1.120939 nan
5920.800000 1.120429 nan
5921.600000 1.117879 nan
5922.400000 1.121612 nan
5923.200000 1.123125 nan
5924.000000 1.116899 nan
5924.800000 1.120912 nan
5925.600000 1.120061 nan
5926.400000 1.115446 nan
5927.200000 1.115033 nan
5928.000000 1.118784 nan
5928.800000 1.117009 nan
5929.600000 1.114494 nan
5930.400000 1.117536 nan
5931.200000 1.117065 nan
5932.000000 1.116001 nan
5932.800000 1.116818 nan
5933.600000 1.117525 nan
5934.400000 1.118246 nan
5935.200000 1.115036 nan
5936.000000 1.116977 nan
5936.800000 1.116822 nan
5937.600000 1.114454 nan
5938.400000 1.113943 nan
5939.200000 1.115945 nan
5940.000000 1.115381 nan
5940.800000 1.117238 nan
5941.600000 1.121009 nan
5942.400000 1.119212 nan
5943.200000 1.119850 nan
5944.000000 1.121004 nan
5944.800000 1.116967 nan
5945.600000 1.118636 nan
5946.400000 1.126597 nan
5947.200000 1.133065 nan
5948.000000 1.130025 nan
5948.800000 1.132442 nan
5949.600000 1.136356 nan
5950.400000 1.135628 nan
5951.200000 1.146689 nan
5952.000000 1.144591 nan
5952.800000 1.150670 nan
5953.600000 1.160932 nan
5954.400000 1.166406 nan
5955.200000 1.170078 nan
5956.000000 1.178017 nan
5956.800000 1.185101 nan
5957.600000 1.186978 nan
5958.400000 1.194199 nan
5959.200000 1.201794 nan
5960.000000 1.204001 nan
5960.800000 1.200270 nan
5961.600000 1.196028 nan
5962.400000 1.198970 nan
5963.200000 1.207256 nan
5964.000000 1.214711 nan
5964.800000 1.226957 nan
5965.600000 1.237076 nan
5966.400000 1.241887 nan
5967.200000 1.242821 nan
5968.000000 1.242648 nan
5968.800000 1.246271 nan
5969.600000 1.243237 nan
5970.400000 1.247225 nan
5971.200000 1.252373 nan
5972.000000 1.253280 nan
5972.800000 1.249299 nan
5973.600000 1.244365 nan
5974.400000 1.249712 nan
5975.200000 1.257956 nan
5976.000000 1.250782 nan
5976.800000 1.247167 nan
5977.600000 1.247397 nan
5978.400000 1.243849 nan
5979.200000 1.241022 nan
5980.000000 1.243582 nan
5980.800000 1.246521 nan
5981.600000 1.243617 nan
5982.400000 1.240315 nan
5983.200000 1.234127 nan
5984.000000 1.226407 nan
5984.800000 1.225015 nan
5985.600000 1.222002 nan
5986.400000 1.221412 nan
5987.200000 1.225390 nan
5988.000000 1.225738 nan
5988.800000 1.218810 nan
5989.600000 1.214911 nan
5990.400000 1.221315 nan
5991.200000 1.210343 nan
5992.000000 1.213397 nan
5992.800000 1.213713 nan
5993.600000 1.209168 nan
5994.400000 1.207112 nan
5995.200000 1.207234 nan
5996.000000 1.202325 nan
5996.800000 1.197510 nan
5997.600000 1.198224 nan
5998.400000 1.200430 nan
5999.200000 1.200931 nan
6000.000000 1.193837 nan
