3699.200000 0.855138 nan
3700.000000 -4.343214 nan
3700.800000 67.038960 nan
3701.600000 -4.708882 nan
3702.400000 0.987369 nan
3703.200000 0.988242 nan
3704.000000 0.780076 nan
3704.800000 0.939933 nan
3705.600000 0.939389 nan
3706.400000 1.043894 nan
3707.200000 1.001085 nan
3708.000000 0.868460 nan
3708.800000 0.916801 nan
3709.600000 0.915904 nan
3710.400000 0.915404 nan
3711.200000 0.958961 nan
3712.000000 0.959259 nan
3712.800000 0.959788 nan
3713.600000 0.973005 nan
3714.400000 0.972919 nan
3715.200000 0.998196 nan
3716.000000 0.990288 nan
3716.800000 0.996379 nan
3717.600000 0.996394 nan
3718.400000 0.998080 nan
3719.200000 0.705569 nan
3720.000000 0.976608 nan
3720.800000 0.974951 nan
3721.600000 0.945456 nan
3722.400000 0.941019 nan
3723.200000 0.915398 nan
3724.000000 0.914874 nan
3724.800000 0.914935 nan
3725.600000 1.023451 nan
3726.400000 1.022641 nan
3727.200000 0.936436 nan
3728.000000 0.891148 nan
3728.800000 0.689359 nan
3729.600000 0.913253 nan
3730.400000 0.970008 nan
3731.200000 0.962940 nan
3732.000000 0.895960 nan
3732.800000 0.947464 nan
3733.600000 0.954726 nan
3734.400000 0.938180 nan
3735.200000 0.937066 nan
3736.000000 0.988421 nan
3736.800000 0.984419 nan
3737.600000 0.972574 nan
3738.400000 0.941074 nan
3739.200000 0.928733 nan
3740.000000 0.927428 nan
3740.800000 0.944756 nan
3741.600000 0.929920 nan
3742.400000 0.929929 nan
3743.200000 0.964738 nan
3744.000000 0.972064 nan
3744.800000 0.963283 nan
3745.600000 0.945587 nan
3746.400000 0.979377 nan
3747.200000 0.935267 nan
3748.000000 0.861764 nan
3748.800000 0.955221 nan
3749.600000 0.955961 nan
3750.400000 0.926901 nan
3751.200000 0.924646 nan
3752.000000 0.911956 nan
3752.800000 0.939551 nan
3753.600000 0.958193 nan
3754.400000 0.952437 nan
3755.200000 0.976298 nan
3756.000000 0.971638 nan
3756.800000 0.945507 nan
3757.600000 0.954414 nan
3758.400000 0.966548 nan
3759.200000 0.961519 nan
3760.000000 0.937589 nan
3760.800000 0.945207 nan
3761.600000 0.964037 nan
3762.400000 0.988761 nan
3763.200000 0.953248 nan
3764.000000 0.961473 nan
3764.800000 0.969742 nan
3765.600000 0.973315 nan
3766.400000 0.961254 nan
3767.200000 0.962226 nan
3768.000000 0.967845 nan
3768.800000 0.960062 nan
3769.600000 0.964923 nan
3770.400000 0.963533 nan
3771.200000 0.946877 nan
3772.000000 0.940709 nan
3772.800000 0.943863 nan
3773.600000 0.946855 nan
3774.400000 0.933721 nan
3775.200000 0.934261 nan
3776.000000 0.939815 nan
3776.800000 0.944968 nan
3777.600000 0.975990 nan
3778.400000 0.963646 nan
3779.200000 0.934681 nan
3780.000000 0.924782 nan
3780.800000 0.951595 nan
3781.600000 0.967363 nan
3782.400000 0.945610 nan
3783.200000 0.955470 nan
3784.000000 0.947160 nan
3784.800000 0.940558 nan
3785.600000 0.988011 nan
3786.400000 0.965674 nan
3787.200000 0.944867 nan
3788.000000 0.942137 nan
3788.800000 0.942291 nan
3789.600000 0.931231 nan
3790.400000 0.934287 nan
3791.200000 0.950765 nan
3792.000000 0.950497 nan
3792.800000 0.945071 nan
3793.600000 0.939116 nan
3794.400000 0.931554 nan
3795.200000 0.928733 nan
3796.000000 0.928341 nan
3796.800000 0.927687 nan
3797.600000 0.952814 nan
3798.400000 0.950770 nan
3799.200000 0.943127 nan
3800.000000 0.950083 nan
3800.800000 0.960575 nan
3801.600000 0.968462 nan
3802.400000 0.969054 nan
3803.200000 0.951679 nan
3804.000000 0.948509 nan
3804.800000 0.939668 nan
3805.600000 0.939705 nan
3806.400000 0.945813 nan
3807.200000 0.951880 nan
3808.000000 0.947250 nan
3808.800000 0.947246 nan
3809.600000 0.943422 nan
3810.400000 0.934248 nan
3811.200000 0.943516 nan
3812.000000 0.942010 nan
3812.800000 0.930665 nan
3813.600000 0.942314 nan
3814.400000 0.955796 nan
3815.200000 0.965329 nan
3816.000000 0.966118 nan
3816.800000 0.957368 nan
3817.600000 0.954149 nan
3818.400000 0.941487 nan
3819.200000 0.942548 nan
3820.000000 0.949136 nan
3820.800000 0.948282 nan
3821.600000 0.932195 nan
3822.400000 0.943003 nan
3823.200000 0.945524 nan
3824.000000 0.945781 nan
3824.800000 0.956877 nan
3825.600000 0.954204 nan
3826.400000 0.955518 nan
3827.200000 0.968406 nan
3828.000000 0.970539 nan
3828.800000 0.965047 nan
3829.600000 0.954438 nan
3830.400000 0.937771 nan
3831.200000 0.939161 nan
3832.000000 0.944204 nan
3832.800000 0.951578 nan
3833.600000 0.947507 nan
3834.400000 0.947770 nan
3835.200000 0.948384 nan
3836.000000 0.942640 nan
3836.800000 0.954012 nan
3837.600000 0.956319 nan
3838.400000 0.940239 nan
3839.200000 0.943210 nan
3840.000000 0.950129 nan
3840.800000 0.956617 nan
3841.600000 0.951209 nan
3842.400000 0.948094 nan
3843.200000 0.943468 nan
3844.000000 0.936337 nan
3844.800000 0.946587 nan
3845.600000 0.953300 nan
3846.400000 0.951010 nan
3847.200000 0.931992 nan
3848.000000 0.936393 nan
3848.800000 0.941239 nan
3849.600000 0.937491 nan
3850.400000 0.941120 nan
3851.200000 0.940073 nan
3852.000000 0.941117 nan
3852.800000 0.963951 nan
3853.600000 0.966742 nan
3854.400000 0.961353 nan
3855.200000 0.953843 nan
3856.000000 0.949298 nan
3856.800000 0.951690 nan
3857.600000 0.956240 nan
3858.400000 0.951448 nan
3859.200000 0.955844 nan
3860.000000 0.956380 nan
3860.800000 0.950180 nan
3861.600000 0.950270 nan
3862.400000 0.949504 nan
3863.200000 0.951291 nan
3864.000000 0.961850 nan
3864.800000 0.961967 nan
3865.600000 0.955617 nan
3866.400000 0.942829 nan
3867.200000 0.942792 nan
3868.000000 0.937673 nan
3868.800000 0.932084 nan
3869.600000 0.933365 nan
3870.400000 0.937714 nan
3871.200000 0.946058 nan
3872.000000 0.959491 nan
3872.800000 0.956920 nan
3873.600000 0.951405 nan
3874.400000 0.946031 nan
3875.200000 0.948210 nan
3876.000000 0.950353 nan
3876.800000 0.951729 nan
3877.600000 0.951387 nan
3878.400000 0.943310 nan
3879.200000 0.953016 nan
3880.000000 0.969937 nan
3880.800000 0.955015 nan
3881.600000 0.943502 nan
3882.400000 0.940200 nan
3883.200000 0.948789 nan
3884.000000 0.965547 nan
3884.800000 0.961658 nan
3885.600000 0.950678 nan
3886.400000 0.955372 nan
3887.200000 0.944569 nan
3888.000000 0.937762 nan
3888.800000 0.940698 nan
3889.600000 0.937107 nan
3890.400000 0.936496 nan
3891.200000 0.938617 nan
3892.000000 0.943589 nan
3892.800000 0.957240 nan
3893.600000 0.960467 nan
3894.400000 0.945543 nan
3895.200000 0.945279 nan
3896.000000 0.944728 nan
3896.800000 0.944572 nan
3897.600000 0.946838 nan
3898.400000 0.945496 nan
3899.200000 0.943896 nan
3900.000000 0.943374 nan
3900.800000 0.944495 nan
3901.600000 0.944707 nan
3902.400000 0.943926 nan
3903.200000 0.944615 nan
3904.000000 0.947200 nan
3904.800000 0.948831 nan
3905.600000 0.947487 nan
3906.400000 0.944058 nan
3907.200000 0.943395 nan
3908.000000 0.945953 nan
3908.800000 0.953221 nan
3909.600000 0.958168 nan
3910.400000 0.955355 nan
3911.200000 0.944549 nan
3912.000000 0.959673 nan
3912.800000 0.956289 nan
3913.600000 0.944498 nan
3914.400000 0.941625 nan
3915.200000 0.946961 nan
3916.000000 0.948541 nan
3916.800000 0.942253 nan
3917.600000 0.945464 nan
3918.400000 0.947179 nan
3919.200000 0.946461 nan
3920.000000 0.941434 nan
3920.800000 0.940443 nan
3921.600000 0.945569 nan
3922.400000 0.958147 nan
3923.200000 0.943428 nan
3924.000000 0.946035 nan
3924.800000 0.955219 nan
3925.600000 0.949740 nan
3926.400000 0.945721 nan
3927.200000 0.944058 nan
3928.000000 0.944585 nan
3928.800000 0.954767 nan
3929.600000 0.953733 nan
3930.400000 0.948998 nan
3931.200000 0.952035 nan
3932.000000 0.951802 nan
3932.800000 0.947427 nan
3933.600000 0.937269 nan
3934.400000 0.939107 nan
3935.200000 0.939765 nan
3936.000000 0.943155 nan
3936.800000 0.961279 nan
3937.600000 0.962075 nan
3938.400000 0.955620 nan
3939.200000 0.944416 nan
3940.000000 0.949612 nan
3940.800000 0.952275 nan
3941.600000 0.951315 nan
3942.400000 0.943632 nan
3943.200000 0.945853 nan
3944.000000 0.944985 nan
3944.800000 0.936359 nan
3945.600000 0.947722 nan
3946.400000 0.949679 nan
3947.200000 0.947433 nan
3948.000000 0.950722 nan
3948.800000 0.945263 nan
3949.600000 0.945210 nan
3950.400000 0.955397 nan
3951.200000 0.945705 nan
3952.000000 0.954622 nan
3952.800000 0.972013 nan
3953.600000 0.972952 nan
3954.400000 0.972969 nan
3955.200000 0.970250 nan
3956.000000 0.965246 nan
3956.800000 0.962021 nan
3957.600000 0.956265 nan
3958.400000 0.952531 nan
3959.200000 0.957675 nan
3960.000000 0.953967 nan
3960.800000 0.948502 nan
3961.600000 0.945471 nan
3962.400000 0.980861 nan
3963.200000 0.968079 nan
3964.000000 0.946969 nan
3964.800000 0.955354 nan
3965.600000 0.947542 nan
3966.400000 0.947741 nan
3967.200000 0.962712 nan
3968.000000 0.946391 nan
3968.800000 0.938845 nan
3969.600000 0.939517 nan
3970.400000 0.952278 nan
3971.200000 0.960007 nan
3972.000000 0.962713 nan
3972.800000 0.960610 nan
3973.600000 0.959084 nan
3974.400000 0.953361 nan
3975.200000 0.946955 nan
3976.000000 0.949549 nan
3976.800000 0.955055 nan
3977.600000 0.955093 nan
3978.400000 0.948002 nan
3979.200000 0.948026 nan
3980.000000 0.942620 nan
3980.800000 0.942797 nan
3981.600000 0.943895 nan
3982.400000 0.949846 nan
3983.200000 0.955024 nan
3984.000000 0.960806 nan
3984.800000 0.968112 nan
3985.600000 0.963347 nan
3986.400000 0.954917 nan
3987.200000 0.959454 nan
3988.000000 0.955340 nan
3988.800000 0.951768 nan
3989.600000 0.952693 nan
3990.400000 0.969282 nan
3991.200000 0.970096 nan
3992.000000 0.963293 nan
3992.800000 0.963308 nan
3993.600000 0.964440 nan
3994.400000 0.963488 nan
3995.200000 0.959400 nan
3996.000000 0.956930 nan
3996.800000 0.956302 nan
3997.600000 0.954973 nan
3998.400000 0.946440 nan
3999.200000 0.955670 nan
4000.000000 0.963724 nan
4000.800000 0.965405 nan
4001.600000 0.971378 nan
4002.400000 0.964488 nan
4003.200000 0.952970 nan
4004.000000 0.956810 nan
4004.800000 0.967267 nan
4005.600000 0.969385 nan
4006.400000 0.960036 nan
4007.200000 0.960492 nan
4008.000000 0.950655 nan
4008.800000 0.944754 nan
4009.600000 0.955242 nan
4010.400000 0.956128 nan
4011.200000 0.958272 nan
4012.000000 0.965557 nan
4012.800000 0.945950 nan
4013.600000 0.945600 nan
4014.400000 0.953315 nan
4015.200000 0.947301 nan
4016.000000 0.950844 nan
4016.800000 0.955029 nan
4017.600000 0.956327 nan
4018.400000 0.955603 nan
4019.200000 0.955429 nan
4020.000000 0.954721 nan
4020.800000 0.951295 nan
4021.600000 0.956573 nan
4022.400000 0.955383 nan
4023.200000 0.943446 nan
4024.000000 0.952858 nan
4024.800000 0.954993 nan
4025.600000 0.951985 nan
4026.400000 0.948009 nan
4027.200000 0.951559 nan
4028.000000 0.955477 nan
4028.800000 0.956628 nan
4029.600000 0.965099 nan
4030.400000 0.971667 nan
4031.200000 0.977362 nan
4032.000000 0.983739 nan
4032.800000 0.979631 nan
4033.600000 0.972653 nan
4034.400000 0.964277 nan
4035.200000 0.963505 nan
4036.000000 0.965608 nan
4036.800000 0.968304 nan
4037.600000 0.968685 nan
4038.400000 0.962679 nan
4039.200000 0.963683 nan
4040.000000 0.978018 nan
4040.800000 0.948721 nan
4041.600000 0.948370 nan
4042.400000 0.961654 nan
4043.200000 0.974728 nan
4044.000000 0.990228 nan
4044.800000 0.997812 nan
4045.600000 0.995187 nan
4046.400000 1.006807 nan
4047.200000 1.002575 nan
4048.000000 0.993601 nan
4048.800000 0.997969 nan
4049.600000 1.011188 nan
4050.400000 1.008101 nan
4051.200000 0.981174 nan
4052.000000 1.007953 nan
4052.800000 1.007533 nan
4053.600000 0.994386 nan
4054.400000 0.996120 nan
4055.200000 0.994786 nan
4056.000000 0.985876 nan
4056.800000 0.969882 nan
4057.600000 0.964831 nan
4058.400000 0.966069 nan
4059.200000 0.969782 nan
4060.000000 0.966597 nan
4060.800000 0.968164 nan
4061.600000 0.973076 nan
4062.400000 0.980342 nan
4063.200000 0.968645 nan
4064.000000 0.965448 nan
4064.800000 0.967507 nan
4065.600000 0.968180 nan
4066.400000 0.962597 nan
4067.200000 0.960596 nan
4068.000000 0.965773 nan
4068.800000 0.973293 nan
4069.600000 0.970245 nan
4070.400000 0.962634 nan
4071.200000 0.957514 nan
4072.000000 0.955723 nan
4072.800000 0.957788 nan
4073.600000 0.963904 nan
4074.400000 0.973316 nan
4075.200000 0.966390 nan
4076.000000 0.954904 nan
4076.800000 0.960923 nan
4077.600000 0.957191 nan
4078.400000 0.957823 nan
4079.200000 0.966545 nan
4080.000000 0.956714 nan
4080.800000 0.948258 nan
4081.600000 0.941161 nan
4082.400000 0.941401 nan
4083.200000 0.957690 nan
4084.000000 0.972954 nan
4084.800000 0.981599 nan
4085.600000 0.960955 nan
4086.400000 0.959416 nan
4087.200000 0.967427 nan
4088.000000 0.969994 nan
4088.800000 0.966497 nan
4089.600000 0.963490 nan
4090.400000 0.963065 nan
4091.200000 0.972728 nan
4092.000000 0.975965 nan
4092.800000 0.976149 nan
4093.600000 0.981610 nan
4094.400000 0.978274 nan
4095.200000 0.972200 nan
4096.000000 0.965231 nan
4096.800000 0.965977 nan
4097.600000 0.962248 nan
4098.400000 0.956023 nan
4099.200000 0.950174 nan
4100.000000 0.951942 nan
4100.800000 0.958689 nan
4101.600000 0.969531 nan
4102.400000 0.965256 nan
4103.200000 0.964273 nan
4104.000000 0.964595 nan
4104.800000 0.962093 nan
4105.600000 0.953262 nan
4106.400000 0.955459 nan
4107.200000 0.975758 nan
4108.000000 0.944955 nan
4108.800000 0.944768 nan
4109.600000 0.960056 nan
4110.400000 0.973092 nan
4111.200000 0.962033 nan
4112.000000 0.960126 nan
4112.800000 0.977596 nan
4113.600000 0.971463 nan
4114.400000 0.970042 nan
4115.200000 0.970149 nan
4116.000000 0.966030 nan
4116.800000 0.962486 nan
4117.600000 0.960416 nan
4118.400000 0.960250 nan
4119.200000 0.960844 nan
4120.000000 0.952596 nan
4120.800000 0.944889 nan
4121.600000 0.957629 nan
4122.400000 0.961394 nan
4123.200000 0.961932 nan
4124.000000 0.960409 nan
4124.800000 0.951266 nan
4125.600000 0.951783 nan
4126.400000 0.959600 nan
4127.200000 0.971026 nan
4128.000000 0.969639 nan
4128.800000 0.969533 nan
4129.600000 0.975295 nan
4130.400000 0.962619 nan
4131.200000 0.952117 nan
4132.000000 0.949247 nan
4132.800000 0.966754 nan
4133.600000 0.964941 nan
4134.400000 0.958943 nan
4135.200000 0.953256 nan
4136.000000 0.948067 nan
4136.800000 0.950826 nan
4137.600000 0.957498 nan
4138.400000 0.960977 nan
4139.200000 0.963595 nan
4140.000000 0.961554 nan
4140.800000 0.954141 nan
4141.600000 0.963140 nan
4142.400000 0.962416 nan
4143.200000 0.958321 nan
4144.000000 0.964393 nan
4144.800000 0.968202 nan
4145.600000 0.971876 nan
4146.400000 0.976576 nan
4147.200000 0.980475 nan
4148.000000 0.977352 nan
4148.800000 0.972783 nan
4149.600000 0.976414 nan
4150.400000 0.970698 nan
4151.200000 0.968762 nan
4152.000000 0.974004 nan
4152.800000 0.975647 nan
4153.600000 0.971944 nan
4154.400000 0.968067 nan
4155.200000 0.974849 nan
4156.000000 0.965437 nan
4156.800000 0.959770 nan
4157.600000 0.963217 nan
4158.400000 0.976671 nan
4159.200000 0.983776 nan
4160.000000 0.984521 nan
4160.800000 0.975959 nan
4161.600000 0.971087 nan
4162.400000 0.963499 nan
4163.200000 0.952008 nan
4164.000000 0.957882 nan
4164.800000 0.967970 nan
4165.600000 0.972969 nan
4166.400000 0.955661 nan
4167.200000 0.954055 nan
4168.000000 0.954387 nan
4168.800000 0.952837 nan
4169.600000 0.949853 nan
4170.400000 0.956027 nan
4171.200000 0.966381 nan
4172.000000 0.972083 nan
4172.800000 0.980118 nan
4173.600000 0.981261 nan
4174.400000 0.972498 nan
4175.200000 0.964476 nan
4176.000000 0.963114 nan
4176.800000 0.964771 nan
4177.600000 0.962747 nan
4178.400000 0.959943 nan
4179.200000 0.959687 nan
4180.000000 0.963127 nan
4180.800000 0.961075 nan
4181.600000 0.964025 nan
4182.400000 0.969383 nan
4183.200000 0.972484 nan
4184.000000 0.979784 nan
4184.800000 0.979754 nan
4185.600000 0.969257 nan
4186.400000 0.966427 nan
4187.200000 0.969631 nan
4188.000000 0.974668 nan
4188.800000 0.972187 nan
4189.600000 0.961992 nan
4190.400000 0.959456 nan
4191.200000 0.969652 nan
4192.000000 0.971320 nan
4192.800000 0.970247 nan
4193.600000 0.965969 nan
4194.400000 0.956152 nan
4195.200000 0.951588 nan
4196.000000 0.954674 nan
4196.800000 0.966469 nan
4197.600000 0.973907 nan
4198.400000 0.968311 nan
4199.200000 0.960114 nan
4200.000000 0.965936 nan
4200.800000 0.967694 nan
4201.600000 0.964380 nan
4202.400000 0.954753 nan
4203.200000 0.941718 nan
4204.000000 0.946123 nan
4204.800000 0.960504 nan
4205.600000 0.973746 nan
4206.400000 0.975556 nan
4207.200000 0.974435 nan
4208.000000 0.972502 nan
4208.800000 0.965616 nan
4209.600000 0.968928 nan
4210.400000 0.974064 nan
4211.200000 0.964213 nan
4212.000000 0.965822 nan
4212.800000 0.967236 nan
4213.600000 0.965029 nan
4214.400000 0.968852 nan
4215.200000 0.976351 nan
4216.000000 0.981292 nan
4216.800000 0.970040 nan
4217.600000 0.969511 nan
4218.400000 0.969860 nan
4219.200000 0.968507 nan
4220.000000 0.971167 nan
4220.800000 0.971808 nan
4221.600000 0.970702 nan
4222.400000 0.967975 nan
4223.200000 0.969200 nan
4224.000000 0.968372 nan
4224.800000 0.964147 nan
4225.600000 0.970671 nan
4226.400000 0.968395 nan
4227.200000 0.960899 nan
4228.000000 0.955684 nan
4228.800000 0.956511 nan
4229.600000 0.961887 nan
4230.400000 0.972572 nan
4231.200000 0.979181 nan
4232.000000 0.976316 nan
4232.800000 0.968490 nan
4233.600000 0.960646 nan
4234.400000 0.965564 nan
4235.200000 0.966183 nan
4236.000000 0.957720 nan
4236.800000 0.959740 nan
4237.600000 0.964250 nan
4238.400000 0.969784 nan
4239.200000 0.972625 nan
4240.000000 0.971122 nan
4240.800000 0.969784 nan
4241.600000 0.969507 nan
4242.400000 0.963236 nan
4243.200000 0.958027 nan
4244.000000 0.954627 nan
4244.800000 0.953969 nan
4245.600000 0.963834 nan
4246.400000 0.968516 nan
4247.200000 0.963345 nan
4248.000000 0.973009 nan
4248.800000 0.980391 nan
4249.600000 0.983932 nan
4250.400000 0.976987 nan
4251.200000 0.970123 nan
4252.000000 0.966056 nan
4252.800000 0.965690 nan
4253.600000 0.970473 nan
4254.400000 0.966074 nan
4255.200000 0.959614 nan
4256.000000 0.962817 nan
4256.800000 0.962846 nan
4257.600000 0.963033 nan
4258.400000 0.964324 nan
4259.200000 0.964947 nan
4260.000000 0.970794 nan
4260.800000 0.975987 nan
4261.600000 0.967957 nan
4262.400000 0.960906 nan
4263.200000 0.960192 nan
4264.000000 0.967669 nan
4264.800000 0.964121 nan
4265.600000 0.959955 nan
4266.400000 0.956161 nan
4267.200000 0.954467 nan
4268.000000 0.955091 nan
4268.800000 0.958764 nan
4269.600000 0.965482 nan
4270.400000 0.964447 nan
4271.200000 0.961145 nan
4272.000000 0.961165 nan
4272.800000 0.976080 nan
4273.600000 0.981405 nan
4274.400000 0.977731 nan
4275.200000 0.965572 nan
4276.000000 0.970300 nan
4276.800000 0.972444 nan
4277.600000 0.971117 nan
4278.400000 0.963874 nan
4279.200000 0.964175 nan
4280.000000 0.966091 nan
4280.800000 0.968131 nan
4281.600000 0.960298 nan
4282.400000 0.960695 nan
4283.200000 0.961598 nan
4284.000000 0.949989 nan
4284.800000 0.956849 nan
4285.600000 0.963930 nan
4286.400000 0.966352 nan
4287.200000 0.968395 nan
4288.000000 0.967920 nan
4288.800000 0.967647 nan
4289.600000 0.972929 nan
4290.400000 0.969018 nan
4291.200000 0.966561 nan
4292.000000 0.968418 nan
4292.800000 0.969128 nan
4293.600000 0.962738 nan
4294.400000 0.956160 nan
4295.200000 0.961896 nan
4296.000000 0.971460 nan
4296.800000 0.975497 nan
4297.600000 0.971779 nan
4298.400000 0.977630 nan
4299.200000 0.976318 nan
4300.000000 0.969857 nan
4300.800000 0.960346 nan
4301.600000 0.956756 nan
4302.400000 0.960658 nan
4303.200000 0.972006 nan
4304.000000 0.964171 nan
4304.800000 0.962978 nan
4305.600000 0.964786 nan
4306.400000 0.964115 nan
4307.200000 0.962064 nan
4308.000000 0.961426 nan
4308.800000 0.963321 nan
4309.600000 0.971469 nan
4310.400000 0.972687 nan
4311.200000 0.971063 nan
4312.000000 0.973096 nan
4312.800000 0.977408 nan
4313.600000 0.976155 nan
4314.400000 0.967757 nan
4315.200000 0.977125 nan
4316.000000 0.980570 nan
4316.800000 0.978528 nan
4317.600000 0.969910 nan
4318.400000 0.967087 nan
4319.200000 0.968046 nan
4320.000000 0.972092 nan
4320.800000 0.970342 nan
4321.600000 0.972230 nan
4322.400000 0.974682 nan
4323.200000 0.971744 nan
4324.000000 0.971631 nan
4324.800000 0.972319 nan
4325.600000 0.973378 nan
4326.400000 0.975765 nan
4327.200000 0.975941 nan
4328.000000 0.973287 nan
4328.800000 0.965979 nan
4329.600000 0.966938 nan
4330.400000 0.971405 nan
4331.200000 0.978263 nan
4332.000000 0.978963 nan
4332.800000 0.978479 nan
4333.600000 0.973958 nan
4334.400000 0.959779 nan
4335.200000 0.969469 nan
4336.000000 0.973861 nan
4336.800000 0.966099 nan
4337.600000 0.973891 nan
4338.400000 0.979981 nan
4339.200000 0.984506 nan
4340.000000 0.985793 nan
4340.800000 0.980618 nan
4341.600000 0.976468 nan
4342.400000 0.976596 nan
4343.200000 0.995064 nan
4344.000000 0.995055 nan
4344.800000 0.985704 nan
4345.600000 0.983425 nan
4346.400000 0.985732 nan
4347.200000 0.988297 nan
4348.000000 0.989736 nan
4348.800000 0.984612 nan
4349.600000 0.988427 nan
4350.400000 0.992864 nan
4351.200000 0.981653 nan
4352.000000 0.975814 nan
4352.800000 0.976609 nan
4353.600000 0.984586 nan
4354.400000 0.979537 nan
4355.200000 0.973760 nan
4356.000000 0.969343 nan
4356.800000 0.970913 nan
4357.600000 0.969033 nan
4358.400000 0.970636 nan
4359.200000 0.977513 nan
4360.000000 0.990279 nan
4360.800000 1.001300 nan
4361.600000 1.005237 nan
4362.400000 0.991281 nan
4363.200000 0.982782 nan
4364.000000 0.986128 nan
4364.800000 1.002372 nan
4365.600000 0.988200 nan
4366.400000 0.976613 nan
4367.200000 0.968954 nan
4368.000000 0.969437 nan
4368.800000 0.976922 nan
4369.600000 0.981197 nan
4370.400000 0.979598 nan
4371.200000 0.989016 nan
4372.000000 0.987756 nan
4372.800000 0.980326 nan
4373.600000 0.973737 nan
4374.400000 0.981777 nan
4375.200000 0.982197 nan
4376.000000 0.969408 nan
4376.800000 0.980775 nan
4377.600000 0.985822 nan
4378.400000 0.987273 nan
4379.200000 0.988733 nan
4380.000000 0.988297 nan
4380.800000 0.989689 nan
4381.600000 0.993506 nan
4382.400000 0.982251 nan
4383.200000 0.986079 nan
4384.000000 0.993451 nan
4384.800000 0.982411 nan
4385.600000 0.978739 nan
4386.400000 0.976743 nan
4387.200000 0.975547 nan
4388.000000 0.979227 nan
4388.800000 0.978107 nan
4389.600000 0.975553 nan
4390.400000 0.976916 nan
4391.200000 0.976530 nan
4392.000000 0.976119 nan
4392.800000 0.976218 nan
4393.600000 0.980443 nan
4394.400000 0.978912 nan
4395.200000 0.977162 nan
4396.000000 0.985652 nan
4396.800000 0.986887 nan
4397.600000 0.985842 nan
4398.400000 0.984298 nan
4399.200000 0.993484 nan
4400.000000 0.993059 nan
4400.800000 0.987286 nan
4401.600000 0.982408 nan
4402.400000 0.986840 nan
4403.200000 0.992973 nan
4404.000000 0.998360 nan
4404.800000 0.986729 nan
4405.600000 0.984661 nan
4406.400000 0.986304 nan
4407.200000 0.983600 nan
4408.000000 0.999839 nan
4408.800000 1.005129 nan
4409.600000 0.990282 nan
4410.400000 0.991663 nan
4411.200000 0.989590 nan
4412.000000 0.986331 nan
4412.800000 0.985622 nan
4413.600000 0.989852 nan
4414.400000 0.992153 nan
4415.200000 0.991229 nan
4416.000000 1.004691 nan
4416.800000 1.003844 nan
4417.600000 0.998213 nan
4418.400000 1.003784 nan
4419.200000 0.998232 nan
4420.000000 0.997551 nan
4420.800000 1.005327 nan
4421.600000 0.994662 nan
4422.400000 0.994840 nan
4423.200000 0.998022 nan
4424.000000 0.991460 nan
4424.800000 0.992784 nan
4425.600000 0.992633 nan
4426.400000 0.989153 nan
4427.200000 1.000817 nan
4428.000000 0.998236 nan
4428.800000 0.992530 nan
4429.600000 1.003426 nan
4430.400000 1.002367 nan
4431.200000 0.999812 nan
4432.000000 0.998119 nan
4432.800000 0.988385 nan
4433.600000 0.984638 nan
4434.400000 0.983657 nan
4435.200000 0.981932 nan
4436.000000 0.981666 nan
4436.800000 0.983953 nan
4437.600000 0.989316 nan
4438.400000 0.992739 nan
4439.200000 0.989688 nan
4440.000000 0.986025 nan
4440.800000 0.991353 nan
4441.600000 1.001259 nan
4442.400000 1.002781 nan
4443.200000 0.992698 nan
4444.000000 0.991848 nan
4444.800000 0.991267 nan
4445.600000 0.992117 nan
4446.400000 0.997289 nan
4447.200000 0.999238 nan
4448.000000 1.003307 nan
4448.800000 1.010271 nan
4449.600000 0.997565 nan
4450.400000 0.991575 nan
4451.200000 0.991320 nan
4452.000000 0.997443 nan
4452.800000 0.997431 nan
4453.600000 0.997046 nan
4454.400000 0.997776 nan
4455.200000 1.001531 nan
4456.000000 1.005421 nan
4456.800000 1.007088 nan
4457.600000 1.000570 nan
4458.400000 0.998921 nan
4459.200000 0.997871 nan
4460.000000 0.996355 nan
4460.800000 0.997104 nan
4461.600000 0.996260 nan
4462.400000 0.995893 nan
4463.200000 0.999901 nan
4464.000000 0.993692 nan
4464.800000 0.990149 nan
4465.600000 0.992555 nan
4466.400000 1.001854 nan
4467.200000 1.005591 nan
4468.000000 1.004827 nan
4468.800000 0.999646 nan
4469.600000 1.000429 nan
4470.400000 1.007889 nan
4471.200000 1.022425 nan
4472.000000 1.013943 nan
4472.800000 1.012692 nan
4473.600000 1.015622 nan
4474.400000 1.019482 nan
4475.200000 1.020497 nan
4476.000000 1.017435 nan
4476.800000 1.010469 nan
4477.600000 1.009677 nan
4478.400000 1.008949 nan
4479.200000 1.011100 nan
4480.000000 1.022688 nan
4480.800000 1.025680 nan
4481.600000 1.038140 nan
4482.400000 1.065371 nan
4483.200000 1.062546 nan
4484.000000 1.053646 nan
4484.800000 1.046559 nan
4485.600000 1.055227 nan
4486.400000 1.042288 nan
4487.200000 1.024581 nan
4488.000000 1.008467 nan
4488.800000 1.020038 nan
4489.600000 1.022411 nan
4490.400000 1.019620 nan
4491.200000 1.017437 nan
4492.000000 1.026226 nan
4492.800000 1.027651 nan
4493.600000 1.017019 nan
4494.400000 1.014345 nan
4495.200000 1.016166 nan
4496.000000 1.019426 nan
4496.800000 1.019196 nan
4497.600000 1.011018 nan
4498.400000 1.008043 nan
4499.200000 1.013182 nan
4500.000000 1.026563 nan
4500.800000 1.017451 nan
4501.600000 1.000203 nan
4502.400000 0.994385 nan
4503.200000 0.990117 nan
4504.000000 0.996095 nan
4504.800000 1.015425 nan
4505.600000 1.007906 nan
4506.400000 1.006650 nan
4507.200000 1.009493 nan
4508.000000 1.014748 nan
4508.800000 1.015407 nan
4509.600000 1.018619 nan
4510.400000 1.026513 nan
4511.200000 1.033009 nan
4512.000000 1.025168 nan
4512.800000 1.013657 nan
4513.600000 1.011671 nan
4514.400000 1.010371 nan
4515.200000 1.007824 nan
4516.000000 1.004366 nan
4516.800000 1.019139 nan
4517.600000 1.013956 nan
4518.400000 1.003749 nan
4519.200000 1.009397 nan
4520.000000 1.007620 nan
4520.800000 1.009040 nan
4521.600000 1.015763 nan
4522.400000 1.012773 nan
4523.200000 1.025137 nan
4524.000000 1.037114 nan
4524.800000 1.017403 nan
4525.600000 1.018026 nan
4526.400000 1.025740 nan
4527.200000 1.037847 nan
4528.000000 1.035444 nan
4528.800000 1.034637 nan
4529.600000 1.032798 nan
4530.400000 1.025076 nan
4531.200000 1.032285 nan
4532.000000 1.036795 nan
4532.800000 1.033777 nan
4533.600000 1.032731 nan
4534.400000 1.025706 nan
4535.200000 1.018554 nan
4536.000000 1.020741 nan
4536.800000 1.022425 nan
4537.600000 1.019251 nan
4538.400000 1.011120 nan
4539.200000 1.018202 nan
4540.000000 1.019514 nan
4540.800000 1.015601 nan
4541.600000 1.006076 nan
4542.400000 1.003874 nan
4543.200000 1.006467 nan
4544.000000 1.013203 nan
4544.800000 1.011186 nan
4545.600000 1.009237 nan
4546.400000 1.006982 nan
4547.200000 1.003592 nan
4548.000000 1.013868 nan
4548.800000 1.017350 nan
4549.600000 1.008940 nan
4550.400000 1.008234 nan
4551.200000 1.010965 nan
4552.000000 1.013723 nan
4552.800000 1.010591 nan
4553.600000 1.007732 nan
4554.400000 1.003307 nan
4555.200000 0.997690 nan
4556.000000 1.004174 nan
4556.800000 1.002623 nan
4557.600000 0.999779 nan
4558.400000 1.006985 nan
4559.200000 1.003814 nan
4560.000000 1.004185 nan
4560.800000 1.010787 nan
4561.600000 0.996003 nan
4562.400000 0.997218 nan
4563.200000 1.005411 nan
4564.000000 1.009918 nan
4564.800000 1.005417 nan
4565.600000 1.001543 nan
4566.400000 1.000986 nan
4567.200000 1.013645 nan
4568.000000 1.029616 nan
4568.800000 1.040875 nan
4569.600000 1.031598 nan
4570.400000 1.032843 nan
4571.200000 1.030720 nan
4572.000000 1.022756 nan
4572.800000 1.021653 nan
4573.600000 1.025458 nan
4574.400000 1.032026 nan
4575.200000 1.038458 nan
4576.000000 1.029789 nan
4576.800000 1.025445 nan
4577.600000 1.028764 nan
4578.400000 1.020261 nan
4579.200000 1.023435 nan
4580.000000 1.031425 nan
4580.800000 1.033085 nan
4581.600000 1.036322 nan
4582.400000 1.041704 nan
4583.200000 1.048922 nan
4584.000000 1.042466 nan
4584.800000 1.034129 nan
4585.600000 1.028368 nan
4586.400000 1.032476 nan
4587.200000 1.037615 nan
4588.000000 1.036859 nan
4588.800000 1.028320 nan
4589.600000 1.014411 nan
4590.400000 1.025990 nan
4591.200000 1.046252 nan
4592.000000 1.042290 nan
4592.800000 1.038705 nan
4593.600000 1.037719 nan
4594.400000 1.039648 nan
4595.200000 1.035986 nan
4596.000000 1.032934 nan
4596.800000 1.030168 nan
4597.600000 1.027539 nan
4598.400000 1.028439 nan
4599.200000 1.033824 nan
4600.000000 1.043916 nan
4600.800000 1.040821 nan
4601.600000 1.038972 nan
4602.400000 1.040451 nan
4603.200000 1.050654 nan
4604.000000 1.044605 nan
4604.800000 1.037381 nan
4605.600000 1.033161 nan
4606.400000 1.046340 nan
4607.200000 1.046116 nan
4608.000000 1.039838 nan
4608.800000 1.037942 nan
4609.600000 1.052210 nan
4610.400000 1.052847 nan
4611.200000 1.034911 nan
4612.000000 1.035528 nan
4612.800000 1.041958 nan
4613.600000 1.041774 nan
4614.400000 1.013238 nan
4615.200000 1.014183 nan
4616.000000 1.022832 nan
4616.800000 1.033950 nan
4617.600000 1.025331 nan
4618.400000 1.030381 nan
4619.200000 1.039268 nan
4620.000000 1.036205 nan
4620.800000 1.028861 nan
4621.600000 1.031963 nan
4622.400000 1.048315 nan
4623.200000 1.027692 nan
4624.000000 1.063273 nan
4624.800000 1.113709 nan
4625.600000 1.016111 nan
4626.400000 1.004007 nan
4627.200000 1.005818 nan
4628.000000 1.015004 nan
4628.800000 1.028384 nan
4629.600000 1.019062 nan
4630.400000 1.001402 nan
4631.200000 0.986154 nan
4632.000000 1.013563 nan
4632.800000 1.034649 nan
4633.600000 1.032972 nan
4634.400000 1.022067 nan
4635.200000 1.025744 nan
4636.000000 1.044304 nan
4636.800000 1.086646 nan
4637.600000 1.042996 nan
4638.400000 1.026686 nan
4639.200000 1.046519 nan
4640.000000 0.998004 nan
4640.800000 0.996904 nan
4641.600000 1.021914 nan
4642.400000 1.047994 nan
4643.200000 1.011702 nan
4644.000000 1.012239 nan
4644.800000 1.066357 nan
4645.600000 1.071059 nan
4646.400000 1.054246 nan
4647.200000 1.033147 nan
4648.000000 1.028199 nan
4648.800000 1.011899 nan
4649.600000 1.023328 nan
4650.400000 1.072423 nan
4651.200000 1.024409 nan
4652.000000 1.012012 nan
4652.800000 1.010803 nan
4653.600000 0.992937 nan
4654.400000 1.010147 nan
4655.200000 1.021919 nan
4656.000000 1.016990 nan
4656.800000 0.996929 nan
4657.600000 0.998554 nan
4658.400000 1.015643 nan
4659.200000 1.048202 nan
4660.000000 1.003858 nan
4660.800000 0.974707 nan
4661.600000 0.971253 nan
4662.400000 0.972650 nan
4663.200000 0.981782 nan
4664.000000 0.995451 nan
4664.800000 1.004503 nan
4665.600000 0.994948 nan
4666.400000 1.004647 nan
4667.200000 1.041868 nan
4668.000000 0.998822 nan
4668.800000 0.996153 nan
4669.600000 1.013528 nan
4670.400000 1.027377 nan
4671.200000 1.004247 nan
4672.000000 0.990497 nan
4672.800000 0.991642 nan
4673.600000 0.978232 nan
4674.400000 1.006855 nan
4675.200000 1.037116 nan
4676.000000 0.984690 nan
4676.800000 0.985830 nan
4677.600000 0.991255 nan
4678.400000 0.991478 nan
4679.200000 1.000038 nan
4680.000000 0.990273 nan
4680.800000 0.991037 nan
4681.600000 1.060869 nan
4682.400000 1.017600 nan
4683.200000 0.983074 nan
4684.000000 0.973447 nan
4684.800000 1.001322 nan
4685.600000 0.992851 nan
4686.400000 0.975849 nan
4687.200000 0.982762 nan
4688.000000 1.015630 nan
4688.800000 1.018533 nan
4689.600000 0.982017 nan
4690.400000 0.976579 nan
4691.200000 1.007459 nan
4692.000000 1.051574 nan
4692.800000 1.056587 nan
4693.600000 1.017093 nan
4694.400000 0.999516 nan
4695.200000 1.010572 nan
4696.000000 0.999239 nan
4696.800000 1.000788 nan
4697.600000 1.000698 nan
4698.400000 0.977120 nan
4699.200000 0.977065 nan
4700.000000 0.983703 nan
4700.800000 0.992791 nan
4701.600000 0.981430 nan
4702.400000 0.979377 nan
4703.200000 0.982093 nan
4704.000000 0.984724 nan
4704.800000 0.985037 nan
4705.600000 0.984043 nan
4706.400000 0.982802 nan
4707.200000 0.998283 nan
4708.000000 0.997014 nan
4708.800000 0.990204 nan
4709.600000 0.993124 nan
4710.400000 0.970934 nan
4711.200000 0.960798 nan
4712.000000 0.968994 nan
4712.800000 0.978986 nan
4713.600000 0.984868 nan
4714.400000 0.986743 nan
4715.200000 0.984648 nan
4716.000000 0.980932 nan
4716.800000 0.983434 nan
4717.600000 0.992780 nan
4718.400000 0.987590 nan
4719.200000 0.984646 nan
4720.000000 0.979758 nan
4720.800000 0.965543 nan
4721.600000 0.978555 nan
4722.400000 1.003201 nan
4723.200000 1.040631 nan
4724.000000 1.029307 nan
4724.800000 1.037331 nan
4725.600000 1.042696 nan
4726.400000 1.010741 nan
4727.200000 0.995116 nan
4728.000000 0.996047 nan
4728.800000 1.011881 nan
4729.600000 0.987131 nan
4730.400000 0.998048 nan
4731.200000 1.019569 nan
4732.000000 1.008660 nan
4732.800000 0.979479 nan
4733.600000 0.986213 nan
4734.400000 1.042214 nan
4735.200000 0.990483 nan
4736.000000 1.012446 nan
4736.800000 1.052609 nan
4737.600000 1.005584 nan
4738.400000 1.024384 nan
4739.200000 1.012982 nan
4740.000000 0.960262 nan
4740.800000 0.974643 nan
4741.600000 0.978234 nan
4742.400000 0.980798 nan
4743.200000 0.996187 nan
4744.000000 0.999552 nan
4744.800000 0.998665 nan
4745.600000 0.995310 nan
4746.400000 0.995976 nan
4747.200000 1.006264 nan
4748.000000 1.014337 nan
4748.800000 0.998723 nan
4749.600000 0.998406 nan
4750.400000 1.000587 nan
4751.200000 1.001206 nan
4752.000000 0.978921 nan
4752.800000 0.987899 nan
4753.600000 1.004658 nan
4754.400000 0.991297 nan
4755.200000 0.996898 nan
4756.000000 1.001397 nan
4756.800000 1.001533 nan
4757.600000 1.017130 nan
4758.400000 1.009017 nan
4759.200000 0.996821 nan
4760.000000 1.008247 nan
4760.800000 1.004325 nan
4761.600000 0.999591 nan
4762.400000 0.999154 nan
4763.200000 1.045271 nan
4764.000000 1.028595 nan
4764.800000 1.000681 nan
4765.600000 1.022093 nan
4766.400000 1.010813 nan
4767.200000 0.998365 nan
4768.000000 0.991737 nan
4768.800000 1.001609 nan
4769.600000 1.005225 nan
4770.400000 1.007190 nan
4771.200000 1.014768 nan
4772.000000 1.007788 nan
4772.800000 1.013993 nan
4773.600000 1.037860 nan
4774.400000 1.013319 nan
4775.200000 1.005493 nan
4776.000000 1.007768 nan
4776.800000 1.016204 nan
4777.600000 0.999597 nan
4778.400000 0.998495 nan
4779.200000 1.019031 nan
4780.000000 1.012321 nan
4780.800000 1.005731 nan
4781.600000 1.001352 nan
4782.400000 1.003519 nan
4783.200000 0.996456 nan
4784.000000 0.998510 nan
4784.800000 1.013273 nan
4785.600000 1.022368 nan
4786.400000 1.025942 nan
4787.200000 1.033086 nan
4788.000000 1.062484 nan
4788.800000 1.023339 nan
4789.600000 0.993049 nan
4790.400000 0.981876 nan
4791.200000 1.011258 nan
4792.000000 1.008355 nan
4792.800000 0.994750 nan
4793.600000 1.000113 nan
4794.400000 1.001460 nan
4795.200000 0.995514 nan
4796.000000 0.985585 nan
4796.800000 1.044182 nan
4797.600000 1.009150 nan
4798.400000 0.967842 nan
4799.200000 1.016325 nan
4800.000000 1.002867 nan
4800.800000 0.989211 nan
4801.600000 0.986528 nan
4802.400000 0.976060 nan
4803.200000 0.999806 nan
4804.000000 1.026977 nan
4804.800000 0.998097 nan
4805.600000 0.994325 nan
4806.400000 0.994432 nan
4807.200000 0.996174 nan
4808.000000 1.028802 nan
4808.800000 1.025309 nan
4809.600000 1.010331 nan
4810.400000 1.018559 nan
4811.200000 1.017571 nan
4812.000000 1.016012 nan
4812.800000 1.015418 nan
4813.600000 1.011599 nan
4814.400000 1.016720 nan
4815.200000 1.033867 nan
4816.000000 1.073271 nan
4816.800000 1.038496 nan
4817.600000 1.038527 nan
4818.400000 1.102731 nan
4819.200000 1.027548 nan
4820.000000 1.024057 nan
4820.800000 1.043995 nan
4821.600000 1.051322 nan
4822.400000 1.050473 nan
4823.200000 1.023005 nan
4824.000000 0.981405 nan
4824.800000 1.054073 nan
4825.600000 1.042900 nan
4826.400000 1.004229 nan
4827.200000 1.015410 nan
4828.000000 1.059765 nan
4828.800000 1.082061 nan
4829.600000 1.065446 nan
4830.400000 1.031752 nan
4831.200000 1.010306 nan
4832.000000 1.010436 nan
4832.800000 1.064079 nan
4833.600000 1.085485 nan
4834.400000 1.064125 nan
4835.200000 1.009748 nan
4836.000000 0.996382 nan
4836.800000 1.034978 nan
4837.600000 1.076303 nan
4838.400000 1.019180 nan
4839.200000 0.988688 nan
4840.000000 0.998345 nan
4840.800000 1.057079 nan
4841.600000 1.044715 nan
4842.400000 1.058285 nan
4843.200000 1.068214 nan
4844.000000 1.026792 nan
4844.800000 1.061875 nan
4845.600000 1.068656 nan
4846.400000 1.028472 nan
4847.200000 1.050602 nan
4848.000000 1.020283 nan
4848.800000 0.994898 nan
4849.600000 1.048625 nan
4850.400000 1.043306 nan
4851.200000 1.038715 nan
4852.000000 1.044220 nan
4852.800000 1.006407 nan
4853.600000 1.025190 nan
4854.400000 1.054376 nan
4855.200000 1.023855 nan
4856.000000 1.014034 nan
4856.800000 1.012795 nan
4857.600000 1.018585 nan
4858.400000 1.041634 nan
4859.200000 1.055530 nan
4860.000000 1.053911 nan
4860.800000 1.029053 nan
4861.600000 1.025030 nan
4862.400000 1.019297 nan
4863.200000 1.010436 nan
4864.000000 1.039235 nan
4864.800000 1.037996 nan
4865.600000 1.017843 nan
4866.400000 0.989495 nan
4867.200000 1.031932 nan
4868.000000 1.045087 nan
4868.800000 1.005710 nan
4869.600000 1.003138 nan
4870.400000 1.006935 nan
4871.200000 1.012657 nan
4872.000000 1.015396 nan
4872.800000 0.991712 nan
4873.600000 1.008184 nan
4874.400000 1.078721 nan
4875.200000 1.007928 nan
4876.000000 1.018273 nan
4876.800000 1.057112 nan
4877.600000 1.054142 nan
4878.400000 1.036764 nan
4879.200000 1.037382 nan
4880.000000 1.059126 nan
4880.800000 1.022476 nan
4881.600000 1.017278 nan
4882.400000 1.033273 nan
4883.200000 1.068003 nan
4884.000000 1.015743 nan
4884.800000 1.010616 nan
4885.600000 1.067296 nan
4886.400000 1.028028 nan
4887.200000 1.018192 nan
4888.000000 1.028540 nan
4888.800000 1.061444 nan
4889.600000 1.053645 nan
4890.400000 1.027710 nan
4891.200000 0.995785 nan
4892.000000 1.022565 nan
4892.800000 1.022119 nan
4893.600000 1.006484 nan
4894.400000 0.988398 nan
4895.200000 1.004325 nan
4896.000000 1.012593 nan
4896.800000 1.006711 nan
4897.600000 1.034630 nan
4898.400000 1.038778 nan
4899.200000 1.034339 nan
4900.000000 1.041074 nan
4900.800000 1.016685 nan
4901.600000 1.021248 nan
4902.400000 1.058948 nan
4903.200000 1.006326 nan
4904.000000 0.989335 nan
4904.800000 0.997129 nan
4905.600000 1.036563 nan
4906.400000 1.003921 nan
4907.200000 1.011520 nan
4908.000000 1.076334 nan
4908.800000 1.014817 nan
4909.600000 1.011001 nan
4910.400000 1.029092 nan
4911.200000 1.031700 nan
4912.000000 1.010250 nan
4912.800000 1.001477 nan
4913.600000 1.011376 nan
4914.400000 1.041012 nan
4915.200000 1.027462 nan
4916.000000 1.006726 nan
4916.800000 1.024661 nan
4917.600000 1.029822 nan
4918.400000 1.019485 nan
4919.200000 0.998771 nan
4920.000000 1.024299 nan
4920.800000 1.021700 nan
4921.600000 1.006982 nan
4922.400000 1.001939 nan
4923.200000 0.995409 nan
4924.000000 0.997744 nan
4924.800000 1.012761 nan
4925.600000 1.040928 nan
4926.400000 1.026635 nan
4927.200000 1.016207 nan
4928.000000 1.073154 nan
4928.800000 1.061512 nan
4929.600000 1.040336 nan
4930.400000 1.022619 nan
4931.200000 1.027251 nan
4932.000000 1.021719 nan
4932.800000 1.012790 nan
4933.600000 1.012755 nan
4934.400000 1.014725 nan
4935.200000 1.001423 nan
4936.000000 0.974547 nan
4936.800000 0.999418 nan
4937.600000 1.006103 nan
4938.400000 1.012372 nan
4939.200000 1.049586 nan
4940.000000 1.022536 nan
4940.800000 1.024341 nan
4941.600000 1.068075 nan
4942.400000 1.063362 nan
4943.200000 1.048841 nan
4944.000000 1.028850 nan
4944.800000 0.998656 nan
4945.600000 0.999420 nan
4946.400000 1.009989 nan
4947.200000 1.027356 nan
4948.000000 1.043690 nan
4948.800000 1.004119 nan
4949.600000 0.972870 nan
4950.400000 1.003748 nan
4951.200000 1.009596 nan
4952.000000 1.010722 nan
4952.800000 1.011287 nan
4953.600000 1.002024 nan
4954.400000 1.001835 nan
4955.200000 1.015231 nan
4956.000000 1.058645 nan
4956.800000 1.033232 nan
4957.600000 1.002766 nan
4958.400000 0.981778 nan
4959.200000 0.995496 nan
4960.000000 1.022430 nan
4960.800000 1.048548 nan
4961.600000 1.046079 nan
4962.400000 1.057943 nan
4963.200000 1.053252 nan
4964.000000 1.028582 nan
4964.800000 1.002544 nan
4965.600000 1.013303 nan
4966.400000 1.028419 nan
4967.200000 1.000059 nan
4968.000000 1.036906 nan
4968.800000 1.050549 nan
4969.600000 1.020301 nan
4970.400000 1.028838 nan
4971.200000 1.016948 nan
4972.000000 1.008524 nan
4972.800000 1.039001 nan
4973.600000 1.051485 nan
4974.400000 1.045996 nan
4975.200000 1.027419 nan
4976.000000 1.059952 nan
4976.800000 1.070860 nan
4977.600000 1.055314 nan
4978.400000 1.001689 nan
4979.200000 1.017716 nan
4980.000000 1.024775 nan
4980.800000 1.008519 nan
4981.600000 0.993545 nan
4982.400000 1.014320 nan
4983.200000 1.039864 nan
4984.000000 1.026691 nan
4984.800000 1.026503 nan
4985.600000 1.033929 nan
4986.400000 1.046850 nan
4987.200000 1.060469 nan
4988.000000 1.038425 nan
4988.800000 1.005768 nan
4989.600000 0.988343 nan
4990.400000 1.039151 nan
4991.200000 1.044762 nan
4992.000000 0.992046 nan
4992.800000 1.044727 nan
4993.600000 1.061812 nan
4994.400000 1.049489 nan
4995.200000 1.016429 nan
4996.000000 1.040943 nan
4996.800000 1.064971 nan
4997.600000 1.070503 nan
4998.400000 1.031024 nan
4999.200000 1.031701 nan
5000.000000 1.048587 nan
5000.800000 1.056157 nan
5001.600000 1.001233 nan
5002.400000 1.000351 nan
5003.200000 1.077601 nan
5004.000000 1.070823 nan
5004.800000 1.022633 nan
5005.600000 0.977698 nan
5006.400000 0.977241 nan
5007.200000 1.028411 nan
5008.000000 1.040813 nan
5008.800000 0.989222 nan
5009.600000 1.028027 nan
5010.400000 1.008750 nan
5011.200000 0.984823 nan
5012.000000 1.018918 nan
5012.800000 1.030534 nan
5013.600000 1.015546 nan
5014.400000 0.982401 nan
5015.200000 1.002661 nan
5016.000000 0.986781 nan
5016.800000 0.978098 nan
5017.600000 1.029897 nan
5018.400000 1.006605 nan
5019.200000 1.004040 nan
5020.000000 1.036528 nan
5020.800000 1.020148 nan
5021.600000 1.052045 nan
5022.400000 1.083621 nan
5023.200000 1.032680 nan
5024.000000 1.028304 nan
5024.800000 1.036849 nan
5025.600000 1.050530 nan
5026.400000 1.037869 nan
5027.200000 1.035051 nan
5028.000000 1.026948 nan
5028.800000 0.992258 nan
5029.600000 1.022073 nan
5030.400000 1.037057 nan
5031.200000 1.024586 nan
5032.000000 1.016834 nan
5032.800000 1.000858 nan
5033.600000 0.997462 nan
5034.400000 1.047865 nan
5035.200000 1.046044 nan
5036.000000 1.035079 nan
5036.800000 1.024800 nan
5037.600000 1.029371 nan
5038.400000 1.030589 nan
5039.200000 1.036626 nan
5040.000000 1.062695 nan
5040.800000 1.074980 nan
5041.600000 1.070867 nan
5042.400000 1.054037 nan
5043.200000 1.043907 nan
5044.000000 1.039156 nan
5044.800000 1.039272 nan
5045.600000 1.044701 nan
5046.400000 1.025358 nan
5047.200000 1.022647 nan
5048.000000 1.041020 nan
5048.800000 1.033505 nan
5049.600000 1.021250 nan
5050.400000 1.016515 nan
5051.200000 1.040056 nan
5052.000000 1.048057 nan
5052.800000 1.044313 nan
5053.600000 1.031753 nan
5054.400000 1.031628 nan
5055.200000 1.026618 nan
5056.000000 1.030406 nan
5056.800000 1.066123 nan
5057.600000 1.062028 nan
5058.400000 1.037645 nan
5059.200000 1.005970 nan
5060.000000 1.044324 nan
5060.800000 1.044267 nan
5061.600000 1.030498 nan
5062.400000 1.031131 nan
5063.200000 1.020122 nan
5064.000000 1.013342 nan
5064.800000 1.013094 nan
5065.600000 1.035866 nan
5066.400000 1.015037 nan
5067.200000 1.003449 nan
5068.000000 1.065243 nan
5068.800000 1.041626 nan
5069.600000 1.025083 nan
5070.400000 1.031470 nan
5071.200000 1.079655 nan
5072.000000 1.062585 nan
5072.800000 1.045322 nan
5073.600000 1.099938 nan
5074.400000 1.047081 nan
5075.200000 1.024253 nan
5076.000000 1.032989 nan
5076.800000 1.022789 nan
5077.600000 1.003902 nan
5078.400000 0.990958 nan
5079.200000 1.004423 nan
5080.000000 1.029582 nan
5080.800000 1.033575 nan
5081.600000 1.014981 nan
5082.400000 1.025565 nan
5083.200000 1.055989 nan
5084.000000 1.066137 nan
5084.800000 1.000685 nan
5085.600000 1.043187 nan
5086.400000 1.042872 nan
5087.200000 0.981218 nan
5088.000000 0.981922 nan
5088.800000 1.004338 nan
5089.600000 1.019506 nan
5090.400000 0.975324 nan
5091.200000 1.030765 nan
5092.000000 1.070146 nan
5092.800000 1.062578 nan
5093.600000 1.021911 nan
5094.400000 1.034980 nan
5095.200000 1.061029 nan
5096.000000 1.047524 nan
5096.800000 1.045717 nan
5097.600000 1.051968 nan
5098.400000 1.063367 nan
5099.200000 1.032184 nan
5100.000000 1.033978 nan
5100.800000 1.035279 nan
5101.600000 0.997802 nan
5102.400000 1.023165 nan
5103.200000 1.048893 nan
5104.000000 1.057950 nan
5104.800000 1.035084 nan
5105.600000 1.049496 nan
5106.400000 1.071551 nan
5107.200000 1.053010 nan
5108.000000 1.089990 nan
5108.800000 1.091799 nan
5109.600000 1.046878 nan
5110.400000 1.047715 nan
5111.200000 1.060941 nan
5112.000000 1.073228 nan
5112.800000 1.060504 nan
5113.600000 1.036782 nan
5114.400000 1.033852 nan
5115.200000 1.055248 nan
5116.000000 1.070740 nan
5116.800000 1.050836 nan
5117.600000 1.023138 nan
5118.400000 1.012458 nan
5119.200000 1.004650 nan
5120.000000 1.020249 nan
5120.800000 1.060105 nan
5121.600000 1.045551 nan
5122.400000 1.030688 nan
5123.200000 1.019340 nan
5124.000000 1.023030 nan
5124.800000 1.033358 nan
5125.600000 1.040453 nan
5126.400000 1.041921 nan
5127.200000 1.048378 nan
5128.000000 1.041708 nan
5128.800000 1.027232 nan
5129.600000 1.008726 nan
5130.400000 1.045074 nan
5131.200000 1.030797 nan
5132.000000 0.969719 nan
5132.800000 1.018070 nan
5133.600000 1.021189 nan
5134.400000 1.013008 nan
5135.200000 1.037986 nan
5136.000000 1.059913 nan
5136.800000 1.038690 nan
5137.600000 0.984295 nan
5138.400000 1.046247 nan
5139.200000 1.043271 nan
5140.000000 1.021369 nan
5140.800000 1.034415 nan
5141.600000 1.031211 nan
5142.400000 1.034632 nan
5143.200000 1.047576 nan
5144.000000 1.066456 nan
5144.800000 1.014945 nan
5145.600000 0.986863 nan
5146.400000 1.078501 nan
5147.200000 1.048795 nan
5148.000000 1.033208 nan
5148.800000 1.051934 nan
5149.600000 1.071580 nan
5150.400000 1.041063 nan
5151.200000 1.013753 nan
5152.000000 1.038649 nan
5152.800000 1.044393 nan
5153.600000 1.028180 nan
5154.400000 0.995867 nan
5155.200000 1.034320 nan
5156.000000 1.028338 nan
5156.800000 1.019667 nan
5157.600000 1.060946 nan
5158.400000 1.051014 nan
5159.200000 1.039115 nan
5160.000000 1.031926 nan
5160.800000 1.016646 nan
5161.600000 1.025037 nan
5162.400000 1.047779 nan
5163.200000 1.079382 nan
5164.000000 1.033485 nan
5164.800000 1.016853 nan
5165.600000 1.036017 nan
5166.400000 1.032056 nan
5167.200000 1.012209 nan
5168.000000 0.999634 nan
5168.800000 1.024742 nan
5169.600000 0.989603 nan
5170.400000 0.994489 nan
5171.200000 1.049259 nan
5172.000000 1.021240 nan
5172.800000 1.020129 nan
5173.600000 1.018058 nan
5174.400000 0.981055 nan
5175.200000 0.997383 nan
5176.000000 1.020075 nan
5176.800000 1.038151 nan
5177.600000 1.022859 nan
5178.400000 1.032780 nan
5179.200000 1.040654 nan
5180.000000 1.005520 nan
5180.800000 1.050059 nan
5181.600000 1.034880 nan
5182.400000 0.964167 nan
5183.200000 1.004938 nan
5184.000000 1.013674 nan
5184.800000 1.013781 nan
5185.600000 1.042845 nan
5186.400000 1.023849 nan
5187.200000 1.023200 nan
5188.000000 1.049393 nan
5188.800000 1.039553 nan
5189.600000 1.023274 nan
5190.400000 1.015473 nan
5191.200000 1.037905 nan
5192.000000 1.016670 nan
5192.800000 1.000565 nan
5193.600000 0.995730 nan
5194.400000 1.022179 nan
5195.200000 1.009447 nan
5196.000000 0.994208 nan
5196.800000 1.022884 nan
5197.600000 1.002775 nan
5198.400000 1.008659 nan
5199.200000 1.050294 nan
5200.000000 1.018964 nan
5200.800000 1.020804 nan
5201.600000 1.034697 nan
5202.400000 1.045893 nan
5203.200000 1.031430 nan
5204.000000 1.014460 nan
5204.800000 1.002164 nan
5205.600000 1.045507 nan
5206.400000 1.015352 nan
5207.200000 0.986895 nan
5208.000000 1.051863 nan
5208.800000 1.026815 nan
5209.600000 1.009960 nan
5210.400000 1.013952 nan
5211.200000 1.043615 nan
5212.000000 1.024477 nan
5212.800000 1.000555 nan
5213.600000 1.021835 nan
5214.400000 1.022654 nan
5215.200000 1.024813 nan
5216.000000 1.029340 nan
5216.800000 1.005680 nan
5217.600000 0.999002 nan
5218.400000 1.010866 nan
5219.200000 1.060935 nan
5220.000000 1.073404 nan
5220.800000 1.048571 nan
5221.600000 1.001336 nan
5222.400000 1.040943 nan
5223.200000 1.041584 nan
5224.000000 1.028469 nan
5224.800000 1.027094 nan
5225.600000 1.017401 nan
5226.400000 1.016991 nan
5227.200000 1.029605 nan
5228.000000 1.068025 nan
5228.800000 1.027077 nan
5229.600000 0.990549 nan
5230.400000 1.045118 nan
5231.200000 1.035387 nan
5232.000000 1.027434 nan
5232.800000 1.031881 nan
5233.600000 1.050958 nan
5234.400000 1.051979 nan
5235.200000 1.054304 nan
5236.000000 1.086571 nan
5236.800000 1.052909 nan
5237.600000 1.050919 nan
5238.400000 1.084664 nan
5239.200000 1.014929 nan
5240.000000 1.020796 nan
5240.800000 1.050531 nan
5241.600000 1.055612 nan
5242.400000 1.082998 nan
5243.200000 1.090888 nan
5244.000000 1.071281 nan
5244.800000 1.059749 nan
5245.600000 1.061400 nan
5246.400000 1.050924 nan
5247.200000 0.989060 nan
5248.000000 1.051946 nan
5248.800000 1.066850 nan
5249.600000 1.016849 nan
5250.400000 1.076877 nan
5251.200000 1.113340 nan
5252.000000 1.116634 nan
5252.800000 1.064760 nan
5253.600000 1.076153 nan
5254.400000 1.070211 nan
5255.200000 1.044900 nan
5256.000000 1.084614 nan
5256.800000 1.063506 nan
5257.600000 1.042857 nan
5258.400000 1.090082 nan
5259.200000 1.073271 nan
5260.000000 1.065149 nan
5260.800000 1.076430 nan
5261.600000 1.111469 nan
5262.400000 1.050326 nan
5263.200000 1.003234 nan
5264.000000 1.053452 nan
5264.800000 1.094296 nan
5265.600000 1.075224 nan
5266.400000 1.008946 nan
5267.200000 1.011896 nan
5268.000000 1.050602 nan
5268.800000 1.098103 nan
5269.600000 1.112756 nan
5270.400000 1.067251 nan
5271.200000 1.047494 nan
5272.000000 1.056871 nan
5272.800000 1.041469 nan
5273.600000 1.057755 nan
5274.400000 1.090501 nan
5275.200000 1.118303 nan
5276.000000 1.073917 nan
5276.800000 1.059306 nan
5277.600000 1.078202 nan
5278.400000 1.042144 nan
5279.200000 1.043449 nan
5280.000000 1.045940 nan
5280.800000 1.013018 nan
5281.600000 1.042574 nan
5282.400000 1.050759 nan
5283.200000 1.027985 nan
5284.000000 1.070216 nan
5284.800000 1.074564 nan
5285.600000 1.057114 nan
5286.400000 1.031717 nan
5287.200000 1.021465 nan
5288.000000 1.030645 nan
5288.800000 1.056169 nan
5289.600000 1.035583 nan
5290.400000 1.057723 nan
5291.200000 1.080940 nan
5292.000000 1.046849 nan
5292.800000 1.070232 nan
5293.600000 1.101285 nan
5294.400000 1.125315 nan
5295.200000 1.054085 nan
5296.000000 1.058068 nan
5296.800000 1.077196 nan
5297.600000 1.053793 nan
5298.400000 1.033949 nan
5299.200000 1.037024 nan
5300.000000 1.065200 nan
5300.800000 1.065551 nan
5301.600000 1.065694 nan
5302.400000 1.082464 nan
5303.200000 1.149250 nan
5304.000000 1.114561 nan
5304.800000 1.082577 nan
5305.600000 1.072104 nan
5306.400000 1.073602 nan
5307.200000 1.042824 nan
5308.000000 1.027113 nan
5308.800000 1.072349 nan
5309.600000 1.044875 nan
5310.400000 1.025013 nan
5311.200000 1.030269 nan
5312.000000 1.115073 nan
5312.800000 1.086290 nan
5313.600000 1.044284 nan
5314.400000 1.083720 nan
5315.200000 1.078028 nan
5316.000000 1.057999 nan
5316.800000 1.039900 nan
5317.600000 1.109560 nan
5318.400000 1.065587 nan
5319.200000 1.027003 nan
5320.000000 1.110176 nan
5320.800000 1.074799 nan
5321.600000 1.050870 nan
5322.400000 1.053566 nan
5323.200000 1.059536 nan
5324.000000 1.067024 nan
5324.800000 1.073551 nan
5325.600000 1.075497 nan
5326.400000 1.039735 nan
5327.200000 1.026628 nan
5328.000000 1.034504 nan
5328.800000 1.040428 nan
5329.600000 1.046927 nan
5330.400000 1.055941 nan
5331.200000 1.072300 nan
5332.000000 1.069806 nan
5332.800000 1.070626 nan
5333.600000 1.076710 nan
5334.400000 1.067071 nan
5335.200000 1.068934 nan
5336.000000 1.066305 nan
5336.800000 1.040960 nan
5337.600000 1.063126 nan
5338.400000 1.079410 nan
5339.200000 1.080882 nan
5340.000000 1.088395 nan
5340.800000 1.071905 nan
5341.600000 1.052646 nan
5342.400000 1.050373 nan
5343.200000 1.062047 nan
5344.000000 1.059516 nan
5344.800000 1.042952 nan
5345.600000 1.059629 nan
5346.400000 1.065905 nan
5347.200000 1.068488 nan
5348.000000 1.074547 nan
5348.800000 1.071909 nan
5349.600000 1.063041 nan
5350.400000 1.052507 nan
5351.200000 1.074550 nan
5352.000000 1.073854 nan
5352.800000 1.064064 nan
5353.600000 1.059507 nan
5354.400000 1.037750 nan
5355.200000 1.030446 nan
5356.000000 1.041235 nan
5356.800000 1.046423 nan
5357.600000 1.065320 nan
5358.400000 1.087140 nan
5359.200000 1.095675 nan
5360.000000 1.078926 nan
5360.800000 1.038488 nan
5361.600000 0.989832 nan
5362.400000 1.017843 nan
5363.200000 1.046954 nan
5364.000000 1.079153 nan
5364.800000 1.122058 nan
5365.600000 1.044066 nan
5366.400000 1.023589 nan
5367.200000 1.065007 nan
5368.000000 1.075529 nan
5368.800000 1.085773 nan
5369.600000 1.075362 nan
5370.400000 1.018757 nan
5371.200000 1.095561 nan
5372.000000 1.099665 nan
5372.800000 1.018333 nan
5373.600000 1.064421 nan
5374.400000 1.078645 nan
5375.200000 1.072795 nan
5376.000000 1.057260 nan
5376.800000 1.051173 nan
5377.600000 1.057911 nan
5378.400000 1.072861 nan
5379.200000 1.049172 nan
5380.000000 1.065491 nan
5380.800000 1.093351 nan
5381.600000 1.099404 nan
5382.400000 1.063116 nan
5383.200000 1.051026 nan
5384.000000 1.061299 nan
5384.800000 1.051161 nan
5385.600000 1.062242 nan
5386.400000 1.076073 nan
5387.200000 1.070093 nan
5388.000000 1.073646 nan
5388.800000 1.082341 nan
5389.600000 1.091442 nan
5390.400000 1.057325 nan
5391.200000 1.047735 nan
5392.000000 1.059741 nan
5392.800000 1.106765 nan
5393.600000 1.031750 nan
5394.400000 1.020062 nan
5395.200000 1.076715 nan
5396.000000 1.059281 nan
5396.800000 1.058208 nan
5397.600000 1.067883 nan
5398.400000 1.087793 nan
5399.200000 1.043567 nan
5400.000000 1.050151 nan
5400.800000 1.110748 nan
5401.600000 1.067224 nan
5402.400000 1.062104 nan
5403.200000 1.066438 nan
5404.000000 1.053239 nan
5404.800000 1.038747 nan
5405.600000 1.034558 nan
5406.400000 1.041602 nan
5407.200000 1.056182 nan
5408.000000 1.056130 nan
5408.800000 1.051130 nan
5409.600000 1.051007 nan
5410.400000 1.065720 nan
5411.200000 1.064502 nan
5412.000000 1.045942 nan
5412.800000 1.046256 nan
5413.600000 1.050689 nan
5414.400000 1.056487 nan
5415.200000 1.060647 nan
5416.000000 1.069603 nan
5416.800000 1.046648 nan
5417.600000 1.007499 nan
5418.400000 1.072491 nan
5419.200000 1.061057 nan
5420.000000 1.030789 nan
5420.800000 1.038370 nan
5421.600000 1.048652 nan
5422.400000 1.058228 nan
5423.200000 1.065259 nan
5424.000000 1.051447 nan
5424.800000 1.047463 nan
5425.600000 1.050383 nan
5426.400000 1.060535 nan
5427.200000 1.055167 nan
5428.000000 1.055980 nan
5428.800000 1.063521 nan
5429.600000 1.044727 nan
5430.400000 1.049820 nan
5431.200000 1.060189 nan
5432.000000 1.056959 nan
5432.800000 1.035216 nan
5433.600000 1.020392 nan
5434.400000 1.015674 nan
5435.200000 1.032588 nan
5436.000000 1.065226 nan
5436.800000 1.083200 nan
5437.600000 1.039206 nan
5438.400000 1.030966 nan
5439.200000 1.028866 nan
5440.000000 1.030368 nan
5440.800000 1.048143 nan
5441.600000 1.042569 nan
5442.400000 1.030033 nan
5443.200000 1.026185 nan
5444.000000 1.055904 nan
5444.800000 1.067780 nan
5445.600000 1.053985 nan
5446.400000 1.032949 nan
5447.200000 1.026119 nan
5448.000000 1.029660 nan
5448.800000 1.042991 nan
5449.600000 1.031271 nan
5450.400000 1.033991 nan
5451.200000 1.049573 nan
5452.000000 1.008217 nan
5452.800000 1.028658 nan
5453.600000 1.060788 nan
5454.400000 1.041865 nan
5455.200000 1.038719 nan
5456.000000 1.029340 nan
5456.800000 1.015846 nan
5457.600000 1.042268 nan
5458.400000 1.045324 nan
5459.200000 1.037714 nan
5460.000000 1.031427 nan
5460.800000 1.032741 nan
5461.600000 1.036359 nan
5462.400000 1.040157 nan
5463.200000 1.031062 nan
5464.000000 1.020981 nan
5464.800000 1.015555 nan
5465.600000 1.022605 nan
5466.400000 1.030745 nan
5467.200000 1.044626 nan
5468.000000 1.062235 nan
5468.800000 1.058502 nan
5469.600000 1.035082 nan
5470.400000 1.013973 nan
5471.200000 1.012232 nan
5472.000000 1.033477 nan
5472.800000 1.035187 nan
5473.600000 1.019482 nan
5474.400000 1.068726 nan
5475.200000 1.035843 nan
5476.000000 1.005143 nan
5476.800000 1.048317 nan
5477.600000 1.030110 nan
5478.400000 1.016183 nan
5479.200000 1.013692 nan
5480.000000 1.034671 nan
5480.800000 1.035370 nan
5481.600000 1.029030 nan
5482.400000 1.027824 nan
5483.200000 1.020054 nan
5484.000000 1.017660 nan
5484.800000 1.020003 nan
5485.600000 1.013059 nan
5486.400000 1.030049 nan
5487.200000 1.040121 nan
5488.000000 1.003912 nan
5488.800000 1.020417 nan
5489.600000 1.040727 nan
5490.400000 1.053852 nan
5491.200000 1.025645 nan
5492.000000 1.012080 nan
5492.800000 1.009228 nan
5493.600000 1.019195 nan
5494.400000 1.034938 nan
5495.200000 1.023270 nan
5496.000000 0.991582 nan
5496.800000 1.006582 nan
5497.600000 1.004882 nan
5498.400000 0.996478 nan
5499.200000 0.989263 nan
5500.000000 1.000345 nan
5500.800000 1.006130 nan
5501.600000 1.004399 nan
5502.400000 1.007541 nan
5503.200000 1.008201 nan
5504.000000 1.005286 nan
5504.800000 0.996709 nan
5505.600000 1.001073 nan
5506.400000 1.002518 nan
5507.200000 0.999381 nan
5508.000000 0.997223 nan
5508.800000 0.992470 nan
5509.600000 0.988462 nan
5510.400000 0.988869 nan
5511.200000 0.995514 nan
5512.000000 0.994129 nan
5512.800000 0.985555 nan
5513.600000 0.991887 nan
5514.400000 0.982994 nan
5515.200000 0.975242 nan
5516.000000 0.985654 nan
5516.800000 0.995212 nan
5517.600000 0.992897 nan
5518.400000 0.980612 nan
5519.200000 0.984958 nan
5520.000000 0.989575 nan
5520.800000 0.992344 nan
5521.600000 0.990395 nan
5522.400000 0.996705 nan
5523.200000 0.997429 nan
5524.000000 0.991399 nan
5524.800000 0.985669 nan
5525.600000 0.985323 nan
5526.400000 0.986804 nan
5527.200000 0.986886 nan
5528.000000 0.990927 nan
5528.800000 0.992868 nan
5529.600000 0.992164 nan
5530.400000 0.991484 nan
5531.200000 0.991522 nan
5532.000000 0.995742 nan
5532.800000 1.009892 nan
5533.600000 0.997290 nan
5534.400000 0.990265 nan
5535.200000 0.991633 nan
5536.000000 0.992460 nan
5536.800000 0.992639 nan
5537.600000 0.992233 nan
5538.400000 0.991127 nan
5539.200000 0.986997 nan
5540.000000 0.982030 nan
5540.800000 0.977200 nan
5541.600000 0.979983 nan
5542.400000 0.980765 nan
5543.200000 0.980844 nan
5544.000000 0.981356 nan
5544.800000 0.976735 nan
5545.600000 0.978081 nan
5546.400000 0.985273 nan
5547.200000 0.980941 nan
5548.000000 0.981521 nan
5548.800000 0.981715 nan
5549.600000 0.976103 nan
5550.400000 0.978716 nan
5551.200000 0.979502 nan
5552.000000 0.977927 nan
5552.800000 0.981924 nan
5553.600000 0.983574 nan
5554.400000 0.984068 nan
5555.200000 0.984447 nan
5556.000000 0.987667 nan
5556.800000 0.984820 nan
5557.600000 0.976823 nan
5558.400000 0.980341 nan
5559.200000 0.978993 nan
5560.000000 0.975152 nan
5560.800000 0.970427 nan
5561.600000 0.967765 nan
5562.400000 0.968144 nan
5563.200000 0.971200 nan
5564.000000 0.972239 nan
5564.800000 0.976412 nan
5565.600000 0.981656 nan
5566.400000 0.986086 nan
5567.200000 0.989354 nan
5568.000000 0.987873 nan
5568.800000 0.982002 nan
5569.600000 0.978049 nan
5570.400000 0.971941 nan
5571.200000 0.966039 nan
5572.000000 0.962608 nan
5572.800000 0.966153 nan
5573.600000 0.965432 nan
5574.400000 0.960477 nan
5575.200000 0.964246 nan
5576.000000 0.962475 nan
5576.800000 0.958813 nan
5577.600000 0.956289 nan
5578.400000 0.951469 nan
5579.200000 0.947170 nan
5580.000000 0.943923 nan
5580.800000 0.944213 nan
5581.600000 0.943221 nan
5582.400000 0.945690 nan
5583.200000 0.957841 nan
5584.000000 0.959676 nan
5584.800000 0.956645 nan
5585.600000 0.951337 nan
5586.400000 0.957136 nan
5587.200000 0.952274 nan
5588.000000 0.943725 nan
5588.800000 0.937449 nan
5589.600000 0.943642 nan
5590.400000 0.949748 nan
5591.200000 0.953279 nan
5592.000000 0.951989 nan
5592.800000 0.954681 nan
5593.600000 0.955334 nan
5594.400000 0.947103 nan
5595.200000 0.949200 nan
5596.000000 0.949999 nan
5596.800000 0.948548 nan
5597.600000 0.949051 nan
5598.400000 0.946898 nan
5599.200000 0.940311 nan
5600.000000 0.925553 nan
5600.800000 0.937347 nan
5601.600000 0.943106 nan
5602.400000 0.939912 nan
5603.200000 0.936988 nan
5604.000000 0.939065 nan
5604.800000 0.939897 nan
5605.600000 0.932462 nan
5606.400000 0.934361 nan
5607.200000 0.933840 nan
5608.000000 0.929003 nan
5608.800000 0.920147 nan
5609.600000 0.920696 nan
5610.400000 0.924087 nan
5611.200000 0.924672 nan
5612.000000 0.927858 nan
5612.800000 0.919958 nan
5613.600000 0.897561 nan
5614.400000 0.866087 nan
5615.200000 0.831299 nan
5616.000000 0.787265 nan
5616.800000 0.710593 nan
5617.600000 0.653776 nan
5618.400000 0.655392 nan
5619.200000 0.715438 nan
5620.000000 0.803708 nan
5620.800000 0.846822 nan
5621.600000 0.871308 nan
5622.400000 0.880499 nan
5623.200000 0.889944 nan
5624.000000 0.900241 nan
5624.800000 0.911038 nan
5625.600000 0.924176 nan
5626.400000 0.928533 nan
5627.200000 0.928992 nan
5628.000000 0.929052 nan
5628.800000 0.928610 nan
5629.600000 0.929173 nan
5630.400000 0.930587 nan
5631.200000 0.929970 nan
5632.000000 0.930358 nan
5632.800000 0.931590 nan
5633.600000 0.933804 nan
5634.400000 0.932098 nan
5635.200000 0.930878 nan
5636.000000 0.930509 nan
5636.800000 0.929530 nan
5637.600000 0.930284 nan
5638.400000 0.931117 nan
5639.200000 0.930323 nan
5640.000000 0.929998 nan
5640.800000 0.929446 nan
5641.600000 0.928795 nan
5642.400000 0.929844 nan
5643.200000 0.930252 nan
5644.000000 0.930666 nan
5644.800000 0.931764 nan
5645.600000 0.932616 nan
5646.400000 0.932351 nan
5647.200000 0.931294 nan
5648.000000 0.933096 nan
5648.800000 0.932206 nan
5649.600000 0.930711 nan
5650.400000 0.930592 nan
5651.200000 0.932123 nan
5652.000000 0.934051 nan
5652.800000 0.935529 nan
5653.600000 0.931111 nan
5654.400000 0.935323 nan
5655.200000 0.937665 nan
5656.000000 0.926688 nan
5656.800000 0.935798 nan
5657.600000 0.940868 nan
5658.400000 0.939470 nan
5659.200000 0.940462 nan
5660.000000 0.940415 nan
5660.800000 0.940317 nan
5661.600000 0.941165 nan
5662.400000 0.941474 nan
5663.200000 0.940793 nan
5664.000000 0.939432 nan
5664.800000 0.940395 nan
5665.600000 0.941023 nan
5666.400000 0.941914 nan
5667.200000 0.943780 nan
5668.000000 0.943607 nan
5668.800000 0.943583 nan
5669.600000 0.944005 nan
5670.400000 0.944996 nan
5671.200000 0.946803 nan
5672.000000 0.947377 nan
5672.800000 0.944253 nan
5673.600000 0.947248 nan
5674.400000 0.950900 nan
5675.200000 0.953803 nan
5676.000000 0.949810 nan
5676.800000 0.948076 nan
5677.600000 0.948130 nan
5678.400000 0.950156 nan
5679.200000 0.950647 nan
5680.000000 0.951075 nan
5680.800000 0.951693 nan
5681.600000 0.953017 nan
5682.400000 0.953749 nan
5683.200000 0.953994 nan
5684.000000 0.953695 nan
5684.800000 0.952074 nan
5685.600000 0.953126 nan
5686.400000 0.956203 nan
5687.200000 0.951639 nan
5688.000000 0.950335 nan
5688.800000 0.950908 nan
5689.600000 0.952626 nan
5690.400000 0.952599 nan
5691.200000 0.953224 nan
5692.000000 0.954509 nan
5692.800000 0.954107 nan
5693.600000 0.952675 nan
5694.400000 0.951220 nan
5695.200000 0.950734 nan
5696.000000 0.947607 nan
5696.800000 0.950781 nan
5697.600000 0.958817 nan
5698.400000 0.949804 nan
5699.200000 0.950462 nan
5700.000000 0.952704 nan
5700.800000 0.949200 nan
5701.600000 0.954031 nan
5702.400000 0.953826 nan
5703.200000 0.948860 nan
5704.000000 0.954588 nan
5704.800000 0.950685 nan
5705.600000 0.945906 nan
5706.400000 0.948429 nan
5707.200000 0.948704 nan
5708.000000 0.949157 nan
5708.800000 0.949666 nan
5709.600000 0.946947 nan
5710.400000 0.947985 nan
5711.200000 0.948842 nan
5712.000000 0.945540 nan
5712.800000 0.948889 nan
5713.600000 0.950082 nan
5714.400000 0.948469 nan
5715.200000 0.947910 nan
5716.000000 0.945831 nan
5716.800000 0.943993 nan
5717.600000 0.944225 nan
5718.400000 0.940075 nan
5719.200000 0.937411 nan
5720.000000 0.936413 nan
5720.800000 0.933809 nan
5721.600000 0.935265 nan
5722.400000 0.937788 nan
5723.200000 0.938821 nan
5724.000000 0.933745 nan
5724.800000 0.931526 nan
5725.600000 0.932701 nan
5726.400000 0.933410 nan
5727.200000 0.932913 nan
5728.000000 0.931846 nan
5728.800000 0.930642 nan
5729.600000 0.931522 nan
5730.400000 0.932661 nan
5731.200000 0.933219 nan
5732.000000 0.928566 nan
5732.800000 0.927923 nan
5733.600000 0.927888 nan
5734.400000 0.925377 nan
5735.200000 0.924491 nan
5736.000000 0.924057 nan
5736.800000 0.924100 nan
5737.600000 0.925949 nan
5738.400000 0.927635 nan
5739.200000 0.927838 nan
5740.000000 0.924806 nan
5740.800000 0.924405 nan
5741.600000 0.924347 nan
5742.400000 0.924516 nan
5743.200000 0.926156 nan
5744.000000 0.927776 nan
5744.800000 0.927878 nan
5745.600000 0.924576 nan
5746.400000 0.927516 nan
5747.200000 0.929971 nan
5748.000000 0.931124 nan
5748.800000 0.930943 nan
5749.600000 0.930704 nan
5750.400000 0.931683 nan
5751.200000 0.935560 nan
5752.000000 0.934311 nan
5752.800000 0.932678 nan
5753.600000 0.931306 nan
5754.400000 0.930679 nan
5755.200000 0.932727 nan
5756.000000 0.934871 nan
5756.800000 0.934575 nan
5757.600000 0.937822 nan
5758.400000 0.941170 nan
5759.200000 0.943756 nan
5760.000000 0.942248 nan
5760.800000 0.944122 nan
5761.600000 0.945932 nan
5762.400000 0.944141 nan
5763.200000 0.943983 nan
5764.000000 0.944070 nan
5764.800000 0.944281 nan
5765.600000 0.944927 nan
5766.400000 0.947257 nan
5767.200000 0.949602 nan
5768.000000 0.950320 nan
5768.800000 0.948094 nan
5769.600000 0.948519 nan
5770.400000 0.951072 nan
5771.200000 0.946608 nan
5772.000000 0.946458 nan
5772.800000 0.950140 nan
5773.600000 0.958593 nan
5774.400000 0.950511 nan
5775.200000 0.945217 nan
5776.000000 0.944543 nan
5776.800000 0.946136 nan
5777.600000 0.949075 nan
5778.400000 0.951379 nan
5779.200000 0.950934 nan
5780.000000 0.950824 nan
5780.800000 0.949821 nan
5781.600000 0.948362 nan
5782.400000 0.950874 nan
5783.200000 0.948555 nan
5784.000000 0.945834 nan
5784.800000 0.946549 nan
5785.600000 0.949962 nan
5786.400000 0.949783 nan
5787.200000 0.946141 nan
5788.000000 0.945245 nan
5788.800000 0.945965 nan
5789.600000 0.948054 nan
5790.400000 0.951644 nan
5791.200000 0.943188 nan
5792.000000 0.944772 nan
5792.800000 0.955536 nan
5793.600000 0.947491 nan
5794.400000 0.946282 nan
5795.200000 0.947289 nan
5796.000000 0.946935 nan
5796.800000 0.956057 nan
5797.600000 0.954934 nan
5798.400000 0.944759 nan
5799.200000 0.945517 nan
5800.000000 0.952191 nan
5800.800000 0.954166 nan
5801.600000 0.940410 nan
5802.400000 0.945145 nan
5803.200000 0.947988 nan
5804.000000 0.946769 nan
5804.800000 0.948513 nan
5805.600000 0.949060 nan
5806.400000 0.949615 nan
5807.200000 0.951424 nan
5808.000000 0.946046 nan
5808.800000 0.945407 nan
5809.600000 0.950736 nan
5810.400000 0.964165 nan
5811.200000 0.957090 nan
5812.000000 0.945449 nan
5812.800000 0.938841 nan
5813.600000 0.950607 nan
5814.400000 0.953041 nan
5815.200000 0.945332 nan
5816.000000 0.946461 nan
5816.800000 0.943047 nan
5817.600000 0.938728 nan
5818.400000 0.936437 nan
5819.200000 0.942583 nan
5820.000000 0.947317 nan
5820.800000 0.948282 nan
5821.600000 0.936306 nan
5822.400000 0.941739 nan
5823.200000 0.948085 nan
5824.000000 0.941665 nan
5824.800000 0.944419 nan
5825.600000 0.944117 nan
5826.400000 0.939942 nan
5827.200000 0.935814 nan
5828.000000 0.944173 nan
5828.800000 0.950391 nan
5829.600000 0.939007 nan
5830.400000 0.947095 nan
5831.200000 0.950764 nan
5832.000000 0.947626 nan
5832.800000 0.941544 nan
5833.600000 0.948691 nan
5834.400000 0.954271 nan
5835.200000 0.943477 nan
5836.000000 0.952889 nan
5836.800000 0.953005 nan
5837.600000 0.944194 nan
5838.400000 0.954740 nan
5839.200000 0.953994 nan
5840.000000 0.950485 nan
5840.800000 0.951249 nan
5841.600000 0.948104 nan
5842.400000 0.953401 nan
5843.200000 0.966223 nan
5844.000000 0.957589 nan
5844.800000 0.954035 nan
5845.600000 0.953023 nan
5846.400000 0.953865 nan
5847.200000 0.952799 nan
5848.000000 0.952249 nan
5848.800000 0.950396 nan
5849.600000 0.932829 nan
5850.400000 0.942977 nan
5851.200000 0.956981 nan
5852.000000 0.951635 nan
5852.800000 0.955392 nan
5853.600000 0.959428 nan
5854.400000 0.962157 nan
5855.200000 0.959202 nan
5856.000000 0.944804 nan
5856.800000 0.934063 nan
5857.600000 0.939271 nan
5858.400000 0.959237 nan
5859.200000 0.969736 nan
5860.000000 0.966612 nan
5860.800000 0.947243 nan
5861.600000 0.954616 nan
5862.400000 0.965709 nan
5863.200000 0.960052 nan
5864.000000 0.961030 nan
5864.800000 0.959723 nan
5865.600000 0.957561 nan
5866.400000 0.972247 nan
5867.200000 0.971738 nan
5868.000000 0.967770 nan
5868.800000 0.969999 nan
5869.600000 0.961033 nan
5870.400000 0.961122 nan
5871.200000 0.969894 nan
5872.000000 0.970856 nan
5872.800000 0.973994 nan
5873.600000 0.971168 nan
5874.400000 0.953223 nan
5875.200000 0.966014 nan
5876.000000 0.974047 nan
5876.800000 0.974033 nan
5877.600000 0.971963 nan
5878.400000 0.978306 nan
5879.200000 0.981959 nan
5880.000000 0.971647 nan
5880.800000 0.984999 nan
5881.600000 0.987710 nan
5882.400000 0.979019 nan
5883.200000 0.983435 nan
5884.000000 0.982319 nan
5884.800000 0.981533 nan
5885.600000 0.986538 nan
5886.400000 0.989188 nan
5887.200000 0.985581 nan
5888.000000 0.978093 nan
5888.800000 0.985310 nan
5889.600000 0.979181 nan
5890.400000 0.971582 nan
5891.200000 0.972367 nan
5892.000000 0.990165 nan
5892.800000 0.984805 nan
5893.600000 0.963216 nan
5894.400000 0.981100 nan
5895.200000 0.989795 nan
5896.000000 0.991405 nan
5896.800000 0.987654 nan
5897.600000 0.990165 nan
5898.400000 0.991270 nan
5899.200000 0.990144 nan
5900.000000 0.986218 nan
5900.800000 0.992615 nan
5901.600000 0.996378 nan
5902.400000 0.984427 nan
5903.200000 0.997097 nan
5904.000000 0.995545 nan
5904.800000 0.979366 nan
5905.600000 0.971518 nan
5906.400000 0.977891 nan
5907.200000 0.983502 nan
5908.000000 0.974334 nan
5908.800000 0.984657 nan
5909.600000 0.988997 nan
5910.400000 0.985683 nan
5911.200000 0.985588 nan
5912.000000 0.994969 nan
5912.800000 0.994624 nan
5913.600000 0.963328 nan
5914.400000 0.983437 nan
5915.200000 1.001219 nan
5916.000000 1.009798 nan
5916.800000 0.997673 nan
5917.600000 0.995983 nan
5918.400000 0.996191 nan
5919.200000 0.991583 nan
5920.000000 0.998388 nan
5920.800000 0.997560 nan
5921.600000 0.989420 nan
5922.400000 0.989195 nan
5923.200000 0.997925 nan
5924.000000 1.003467 nan
5924.800000 0.994234 nan
5925.600000 0.999453 nan
5926.400000 0.998477 nan
5927.200000 0.992626 nan
5928.000000 1.004868 nan
5928.800000 0.996907 nan
5929.600000 0.988595 nan
5930.400000 0.996669 nan
5931.200000 1.005824 nan
5932.000000 1.008765 nan
5932.800000 1.004813 nan
5933.600000 0.996582 nan
5934.400000 0.992813 nan
5935.200000 0.991447 nan
5936.000000 0.991606 nan
5936.800000 0.994921 nan
5937.600000 0.998035 nan
5938.400000 0.998778 nan
5939.200000 0.986602 nan
5940.000000 0.994848 nan
5940.800000 1.002862 nan
5941.600000 0.992587 nan
5942.400000 0.989827 nan
5943.200000 0.999603 nan
5944.000000 1.016586 nan
5944.800000 0.999066 nan
5945.600000 0.998522 nan
5946.400000 1.000242 nan
5947.200000 0.991828 nan
5948.000000 1.000063 nan
5948.800000 0.997275 nan
5949.600000 0.985249 nan
5950.400000 0.990237 nan
5951.200000 0.988101 nan
5952.000000 0.987390 nan
5952.800000 0.996371 nan
5953.600000 0.991670 nan
5954.400000 0.993351 nan
5955.200000 1.000588 nan
5956.000000 0.995040 nan
5956.800000 0.996211 nan
5957.600000 1.003424 nan
5958.400000 1.020152 nan
5959.200000 0.995762 nan
5960.000000 0.987009 nan
5960.800000 0.993298 nan
5961.600000 0.993009 nan
5962.400000 1.002307 nan
5963.200000 1.007658 nan
5964.000000 0.995116 nan
5964.800000 0.993365 nan
5965.600000 0.991699 nan
5966.400000 0.988723 nan
5967.200000 0.982429 nan
5968.000000 0.986334 nan
5968.800000 0.992878 nan
5969.600000 0.996280 nan
5970.400000 0.989652 nan
5971.200000 0.992998 nan
5972.000000 1.004580 nan
5972.800000 1.002173 nan
5973.600000 0.995707 nan
5974.400000 0.989078 nan
5975.200000 0.984333 nan
5976.000000 0.985578 nan
5976.800000 0.990100 nan
5977.600000 0.995395 nan
5978.400000 0.984060 nan
5979.200000 0.978862 nan
5980.000000 0.984695 nan
5980.800000 1.011238 nan
5981.600000 0.994010 nan
5982.400000 0.983905 nan
5983.200000 0.982255 nan
5984.000000 0.976260 nan
5984.800000 0.982142 nan
5985.600000 0.989556 nan
5986.400000 0.990158 nan
5987.200000 0.976437 nan
5988.000000 0.974228 nan
5988.800000 0.982107 nan
5989.600000 0.980063 nan
5990.400000 0.993526 nan
5991.200000 0.999548 nan
5992.000000 0.976488 nan
5992.800000 0.984618 nan
5993.600000 0.985177 nan
5994.400000 0.977865 nan
5995.200000 0.983308 nan
5996.000000 0.978593 nan
5996.800000 0.976775 nan
5997.600000 0.989597 nan
5998.400000 0.978018 nan
5999.200000 0.978267 nan
6000.000000 0.988831 nan
