3699.200000 1.169402 nan
3700.000000 -0.230244 nan
3700.800000 0.014917 nan
3701.600000 -0.212365 nan
3702.400000 1.012792 nan
3703.200000 1.011898 nan
3704.000000 1.281926 nan
3704.800000 1.063906 nan
3705.600000 1.064522 nan
3706.400000 0.957952 nan
3707.200000 0.998916 nan
3708.000000 1.151463 nan
3708.800000 1.090749 nan
3709.600000 1.091817 nan
3710.400000 1.092414 nan
3711.200000 1.042795 nan
3712.000000 1.042471 nan
3712.800000 1.041896 nan
3713.600000 1.027744 nan
3714.400000 1.027835 nan
3715.200000 1.001807 nan
3716.000000 1.009807 nan
3716.800000 1.003634 nan
3717.600000 1.003619 nan
3718.400000 1.001924 nan
3719.200000 1.417295 nan
3720.000000 1.023952 nan
3720.800000 1.025692 nan
3721.600000 1.057691 nan
3722.400000 1.062678 nan
3723.200000 1.092421 nan
3724.000000 1.093047 nan
3724.800000 1.092974 nan
3725.600000 0.977086 nan
3726.400000 0.977861 nan
3727.200000 1.067879 nan
3728.000000 1.122149 nan
3728.800000 1.450623 nan
3729.600000 1.094987 nan
3730.400000 1.030919 nan
3731.200000 1.038487 nan
3732.000000 1.116122 nan
3732.800000 1.055449 nan
3733.600000 1.047421 nan
3734.400000 1.065893 nan
3735.200000 1.067161 nan
3736.000000 1.011714 nan
3736.800000 1.015827 nan
3737.600000 1.028199 nan
3738.400000 1.062616 nan
3739.200000 1.076736 nan
3740.000000 1.078251 nan
3740.800000 1.058474 nan
3741.600000 1.075361 nan
3742.400000 1.075351 nan
3743.200000 1.036551 nan
3744.000000 1.028739 nan
3744.800000 1.038117 nan
3745.600000 1.057544 nan
3746.400000 1.021057 nan
3747.200000 1.069214 nan
3748.000000 1.160410 nan
3748.800000 1.046878 nan
3749.600000 1.046067 nan
3750.400000 1.078864 nan
3751.200000 1.081495 nan
3752.000000 1.096544 nan
3752.800000 1.064338 nan
3753.600000 1.043631 nan
3754.400000 1.049939 nan
3755.200000 1.024278 nan
3756.000000 1.029190 nan
3756.800000 1.057634 nan
3757.600000 1.047763 nan
3758.400000 1.034610 nan
3759.200000 1.040021 nan
3760.000000 1.066565 nan
3760.800000 1.057969 nan
3761.600000 1.037304 nan
3762.400000 1.011367 nan
3763.200000 1.049045 nan
3764.000000 1.040071 nan
3764.800000 1.031202 nan
3765.600000 1.027416 nan
3766.400000 1.040308 nan
3767.200000 1.039257 nan
3768.000000 1.033223 nan
3768.800000 1.041599 nan
3769.600000 1.036352 nan
3770.400000 1.037848 nan
3771.200000 1.056103 nan
3772.000000 1.063028 nan
3772.800000 1.059476 nan
3773.600000 1.056128 nan
3774.400000 1.070984 nan
3775.200000 1.070365 nan
3776.000000 1.064039 nan
3776.800000 1.058236 nan
3777.600000 1.024601 nan
3778.400000 1.037725 nan
3779.200000 1.069884 nan
3780.000000 1.081336 nan
3780.800000 1.050868 nan
3781.600000 1.033738 nan
3782.400000 1.057518 nan
3783.200000 1.046605 nan
3784.000000 1.055787 nan
3784.800000 1.063199 nan
3785.600000 1.012134 nan
3786.400000 1.035547 nan
3787.200000 1.058351 nan
3788.000000 1.061417 nan
3788.800000 1.061243 nan
3789.600000 1.073847 nan
3790.400000 1.070335 nan
3791.200000 1.051784 nan
3792.000000 1.052081 nan
3792.800000 1.058122 nan
3793.600000 1.064831 nan
3794.400000 1.073476 nan
3795.200000 1.076735 nan
3796.000000 1.077190 nan
3796.800000 1.077950 nan
3797.600000 1.049522 nan
3798.400000 1.051779 nan
3799.200000 1.060303 nan
3800.000000 1.052540 nan
3800.800000 1.041043 nan
3801.600000 1.032565 nan
3802.400000 1.031934 nan
3803.200000 1.050775 nan
3804.000000 1.054287 nan
3804.800000 1.064206 nan
3805.600000 1.064163 nan
3806.400000 1.057291 nan
3807.200000 1.050552 nan
3808.000000 1.055687 nan
3808.800000 1.055692 nan
3809.600000 1.059971 nan
3810.400000 1.070379 nan
3811.200000 1.059865 nan
3812.000000 1.061560 nan
3812.800000 1.074500 nan
3813.600000 1.061217 nan
3814.400000 1.046248 nan
3815.200000 1.035916 nan
3816.000000 1.035070 nan
3816.800000 1.044531 nan
3817.600000 1.048055 nan
3818.400000 1.062149 nan
3819.200000 1.060954 nan
3820.000000 1.053590 nan
3820.800000 1.054539 nan
3821.600000 1.072737 nan
3822.400000 1.060442 nan
3823.200000 1.057615 nan
3824.000000 1.057327 nan
3824.800000 1.045066 nan
3825.600000 1.047994 nan
3826.400000 1.046553 nan
3827.200000 1.032624 nan
3828.000000 1.030355 nan
3828.800000 1.036219 nan
3829.600000 1.047738 nan
3830.400000 1.066359 nan
3831.200000 1.064780 nan
3832.000000 1.059093 nan
3832.800000 1.050886 nan
3833.600000 1.055401 nan
3834.400000 1.055109 nan
3835.200000 1.054425 nan
3836.000000 1.060850 nan
3836.800000 1.048205 nan
3837.600000 1.045676 nan
3838.400000 1.063559 nan
3839.200000 1.060209 nan
3840.000000 1.052488 nan
3840.800000 1.045351 nan
3841.600000 1.051293 nan
3842.400000 1.054748 nan
3843.200000 1.059920 nan
3844.000000 1.067992 nan
3844.800000 1.056427 nan
3845.600000 1.048987 nan
3846.400000 1.051514 nan
3847.200000 1.072971 nan
3848.000000 1.067928 nan
3848.800000 1.062429 nan
3849.600000 1.066677 nan
3850.400000 1.062564 nan
3851.200000 1.063747 nan
3852.000000 1.062567 nan
3852.800000 1.037398 nan
3853.600000 1.034402 nan
3854.400000 1.040200 nan
3855.200000 1.048391 nan
3856.000000 1.053410 nan
3856.800000 1.050762 nan
3857.600000 1.045763 nan
3858.400000 1.051029 nan
3859.200000 1.046195 nan
3860.000000 1.045610 nan
3860.800000 1.052432 nan
3861.600000 1.052333 nan
3862.400000 1.053181 nan
3863.200000 1.051203 nan
3864.000000 1.039663 nan
3864.800000 1.039537 nan
3865.600000 1.046444 nan
3866.400000 1.060637 nan
3867.200000 1.060680 nan
3868.000000 1.066470 nan
3868.800000 1.072864 nan
3869.600000 1.071392 nan
3870.400000 1.066424 nan
3871.200000 1.057017 nan
3872.000000 1.042220 nan
3872.800000 1.045019 nan
3873.600000 1.051078 nan
3874.400000 1.057048 nan
3875.200000 1.054618 nan
3876.000000 1.052241 nan
3876.800000 1.050719 nan
3877.600000 1.051096 nan
3878.400000 1.060097 nan
3879.200000 1.049301 nan
3880.000000 1.030995 nan
3880.800000 1.047104 nan
3881.600000 1.059881 nan
3882.400000 1.063604 nan
3883.200000 1.053975 nan
3884.000000 1.035683 nan
3884.800000 1.039871 nan
3885.600000 1.051881 nan
3886.400000 1.046713 nan
3887.200000 1.058684 nan
3888.000000 1.066369 nan
3888.800000 1.063040 nan
3889.600000 1.067114 nan
3890.400000 1.067811 nan
3891.200000 1.065397 nan
3892.000000 1.059783 nan
3892.800000 1.044670 nan
3893.600000 1.041160 nan
3894.400000 1.057594 nan
3895.200000 1.057888 nan
3896.000000 1.058506 nan
3896.800000 1.058680 nan
3897.600000 1.056147 nan
3898.400000 1.057646 nan
3899.200000 1.059439 nan
3900.000000 1.060025 nan
3900.800000 1.058767 nan
3901.600000 1.058530 nan
3902.400000 1.059405 nan
3903.200000 1.058632 nan
3904.000000 1.055743 nan
3904.800000 1.053928 nan
3905.600000 1.055424 nan
3906.400000 1.059257 nan
3907.200000 1.060002 nan
3908.000000 1.057135 nan
3908.800000 1.049074 nan
3909.600000 1.043658 nan
3910.400000 1.046732 nan
3911.200000 1.058706 nan
3912.000000 1.042021 nan
3912.800000 1.045709 nan
3913.600000 1.058763 nan
3914.400000 1.061994 nan
3915.200000 1.056009 nan
3916.000000 1.054250 nan
3916.800000 1.061286 nan
3917.600000 1.057681 nan
3918.400000 1.055767 nan
3919.200000 1.056568 nan
3920.000000 1.062210 nan
3920.800000 1.063329 nan
3921.600000 1.057564 nan
3922.400000 1.043681 nan
3923.200000 1.059964 nan
3924.000000 1.057043 nan
3924.800000 1.046880 nan
3925.600000 1.052920 nan
3926.400000 1.057395 nan
3927.200000 1.059257 nan
3928.000000 1.058666 nan
3928.800000 1.047376 nan
3929.600000 1.048511 nan
3930.400000 1.053743 nan
3931.200000 1.050382 nan
3932.000000 1.050639 nan
3932.800000 1.055490 nan
3933.600000 1.066930 nan
3934.400000 1.064841 nan
3935.200000 1.064096 nan
3936.000000 1.060271 nan
3936.800000 1.040281 nan
3937.600000 1.039420 nan
3938.400000 1.046441 nan
3939.200000 1.058855 nan
3940.000000 1.053062 nan
3940.800000 1.050117 nan
3941.600000 1.051176 nan
3942.400000 1.059735 nan
3943.200000 1.057247 nan
3944.000000 1.058218 nan
3944.800000 1.067966 nan
3945.600000 1.055161 nan
3946.400000 1.052987 nan
3947.200000 1.055484 nan
3948.000000 1.051832 nan
3948.800000 1.057907 nan
3949.600000 1.057966 nan
3950.400000 1.046685 nan
3951.200000 1.057412 nan
3952.000000 1.047535 nan
3952.800000 1.028793 nan
3953.600000 1.027800 nan
3954.400000 1.027782 nan
3955.200000 1.030662 nan
3956.000000 1.036006 nan
3956.800000 1.039478 nan
3957.600000 1.045735 nan
3958.400000 1.049835 nan
3959.200000 1.044196 nan
3960.000000 1.048255 nan
3960.800000 1.054294 nan
3961.600000 1.057674 nan
3962.400000 1.019512 nan
3963.200000 1.032973 nan
3964.000000 1.056001 nan
3964.800000 1.046733 nan
3965.600000 1.055362 nan
3966.400000 1.055140 nan
3967.200000 1.038732 nan
3968.000000 1.056645 nan
3968.800000 1.065139 nan
3969.600000 1.064377 nan
3970.400000 1.050113 nan
3971.200000 1.041660 nan
3972.000000 1.038731 nan
3972.800000 1.041005 nan
3973.600000 1.042662 nan
3974.400000 1.048920 nan
3975.200000 1.056016 nan
3976.000000 1.053131 nan
3976.800000 1.047060 nan
3977.600000 1.047019 nan
3978.400000 1.054850 nan
3979.200000 1.054823 nan
3980.000000 1.060872 nan
3980.800000 1.060674 nan
3981.600000 1.059440 nan
3982.400000 1.052803 nan
3983.200000 1.047094 nan
3984.000000 1.040793 nan
3984.800000 1.032938 nan
3985.600000 1.038047 nan
3986.400000 1.047211 nan
3987.200000 1.042259 nan
3988.000000 1.046748 nan
3988.800000 1.050676 nan
3989.600000 1.049656 nan
3990.400000 1.031692 nan
3991.200000 1.030826 nan
3992.000000 1.038106 nan
3992.800000 1.038089 nan
3993.600000 1.036871 nan
3994.400000 1.037896 nan
3995.200000 1.042318 nan
3996.000000 1.045009 nan
3996.800000 1.045695 nan
3997.600000 1.047150 nan
3998.400000 1.056591 nan
3999.200000 1.046386 nan
4000.000000 1.037642 nan
4000.800000 1.035834 nan
4001.600000 1.029466 nan
4002.400000 1.036819 nan
4003.200000 1.049351 nan
4004.000000 1.045139 nan
4004.800000 1.033841 nan
4005.600000 1.031582 nan
4006.400000 1.041627 nan
4007.200000 1.041133 nan
4008.000000 1.051906 nan
4008.800000 1.058476 nan
4009.600000 1.046855 nan
4010.400000 1.045886 nan
4011.200000 1.043545 nan
4012.000000 1.035672 nan
4012.800000 1.057138 nan
4013.600000 1.057529 nan
4014.400000 1.048971 nan
4015.200000 1.055631 nan
4016.000000 1.051697 nan
4016.800000 1.047088 nan
4017.600000 1.045667 nan
4018.400000 1.046460 nan
4019.200000 1.046650 nan
4020.000000 1.047426 nan
4020.800000 1.051199 nan
4021.600000 1.045399 nan
4022.400000 1.046700 nan
4023.200000 1.059944 nan
4024.000000 1.049474 nan
4024.800000 1.047128 nan
4025.600000 1.050437 nan
4026.400000 1.054843 nan
4027.200000 1.050907 nan
4028.000000 1.046597 nan
4028.800000 1.045338 nan
4029.600000 1.036164 nan
4030.400000 1.029159 nan
4031.200000 1.023163 nan
4032.000000 1.016530 nan
4032.800000 1.020793 nan
4033.600000 1.028115 nan
4034.400000 1.037046 nan
4035.200000 1.037878 nan
4036.000000 1.035617 nan
4036.800000 1.032733 nan
4037.600000 1.032327 nan
4038.400000 1.038768 nan
4039.200000 1.037686 nan
4040.000000 1.022476 nan
4040.800000 1.054051 nan
4041.600000 1.054441 nan
4042.400000 1.039875 nan
4043.200000 1.025927 nan
4044.000000 1.009869 nan
4044.800000 1.002193 nan
4045.600000 1.004836 nan
4046.400000 0.993239 nan
4047.200000 0.997432 nan
4048.000000 1.006440 nan
4048.800000 1.002035 nan
4049.600000 0.988936 nan
4050.400000 0.991964 nan
4051.200000 1.019187 nan
4052.000000 0.992110 nan
4052.800000 0.992523 nan
4053.600000 1.005646 nan
4054.400000 1.003895 nan
4055.200000 1.005242 nan
4056.000000 1.014327 nan
4056.800000 1.031053 nan
4057.600000 1.036451 nan
4058.400000 1.035122 nan
4059.200000 1.031159 nan
4060.000000 1.034557 nan
4060.800000 1.032883 nan
4061.600000 1.027669 nan
4062.400000 1.020053 nan
4063.200000 1.032370 nan
4064.000000 1.035788 nan
4064.800000 1.033584 nan
4065.600000 1.032866 nan
4066.400000 1.038856 nan
4067.200000 1.041021 nan
4068.000000 1.035440 nan
4068.800000 1.027440 nan
4069.600000 1.030667 nan
4070.400000 1.038816 nan
4071.200000 1.044371 nan
4072.000000 1.046328 nan
4072.800000 1.044072 nan
4073.600000 1.037448 nan
4074.400000 1.027416 nan
4075.200000 1.034779 nan
4076.000000 1.047226 nan
4076.800000 1.040667 nan
4077.600000 1.044723 nan
4078.400000 1.044035 nan
4079.200000 1.034613 nan
4080.000000 1.045245 nan
4080.800000 1.054566 nan
4081.600000 1.062517 nan
4082.400000 1.062247 nan
4083.200000 1.044179 nan
4084.000000 1.027798 nan
4084.800000 1.018746 nan
4085.600000 1.040631 nan
4086.400000 1.042301 nan
4087.200000 1.033670 nan
4088.000000 1.030934 nan
4088.800000 1.034664 nan
4089.600000 1.037893 nan
4090.400000 1.038352 nan
4091.200000 1.028037 nan
4092.000000 1.024626 nan
4092.800000 1.024434 nan
4093.600000 1.018734 nan
4094.400000 1.022209 nan
4095.200000 1.028595 nan
4096.000000 1.036021 nan
4096.800000 1.035222 nan
4097.600000 1.039234 nan
4098.400000 1.046000 nan
4099.200000 1.052439 nan
4100.000000 1.050485 nan
4100.800000 1.043091 nan
4101.600000 1.031426 nan
4102.400000 1.035995 nan
4103.200000 1.037051 nan
4104.000000 1.036704 nan
4104.800000 1.039400 nan
4105.600000 1.049029 nan
4106.400000 1.046617 nan
4107.200000 1.024844 nan
4108.000000 1.058251 nan
4108.800000 1.058461 nan
4109.600000 1.041606 nan
4110.400000 1.027652 nan
4111.200000 1.039465 nan
4112.000000 1.041530 nan
4112.800000 1.022917 nan
4113.600000 1.029376 nan
4114.400000 1.030883 nan
4115.200000 1.030769 nan
4116.000000 1.035165 nan
4116.800000 1.038976 nan
4117.600000 1.041215 nan
4118.400000 1.041395 nan
4119.200000 1.040752 nan
4120.000000 1.049763 nan
4120.800000 1.058325 nan
4121.600000 1.044246 nan
4122.400000 1.040156 nan
4123.200000 1.039574 nan
4124.000000 1.041224 nan
4124.800000 1.051230 nan
4125.600000 1.050660 nan
4126.400000 1.042101 nan
4127.200000 1.029838 nan
4128.000000 1.031312 nan
4128.800000 1.031424 nan
4129.600000 1.025331 nan
4130.400000 1.038832 nan
4131.200000 1.050291 nan
4132.000000 1.053467 nan
4132.800000 1.034390 nan
4133.600000 1.036333 nan
4134.400000 1.042814 nan
4135.200000 1.049036 nan
4136.000000 1.054777 nan
4136.800000 1.051718 nan
4137.600000 1.044389 nan
4138.400000 1.040608 nan
4139.200000 1.037780 nan
4140.000000 1.039984 nan
4140.800000 1.048063 nan
4141.600000 1.038271 nan
4142.400000 1.039052 nan
4143.200000 1.043491 nan
4144.000000 1.036922 nan
4144.800000 1.032842 nan
4145.600000 1.028938 nan
4146.400000 1.023986 nan
4147.200000 1.019913 nan
4148.000000 1.023173 nan
4148.800000 1.027978 nan
4149.600000 1.024156 nan
4150.400000 1.030186 nan
4151.200000 1.032245 nan
4152.000000 1.026690 nan
4152.800000 1.024961 nan
4153.600000 1.028866 nan
4154.400000 1.032986 nan
4155.200000 1.025800 nan
4156.000000 1.035801 nan
4156.800000 1.041916 nan
4157.600000 1.038187 nan
4158.400000 1.023886 nan
4159.200000 1.016492 nan
4160.000000 1.015722 nan
4160.800000 1.024633 nan
4161.600000 1.029774 nan
4162.400000 1.037884 nan
4163.200000 1.050412 nan
4164.000000 1.043970 nan
4164.800000 1.033089 nan
4165.600000 1.027782 nan
4166.400000 1.046396 nan
4167.200000 1.048158 nan
4168.000000 1.047793 nan
4168.800000 1.049497 nan
4169.600000 1.052794 nan
4170.400000 1.045996 nan
4171.200000 1.034788 nan
4172.000000 1.028719 nan
4172.800000 1.020285 nan
4173.600000 1.019097 nan
4174.400000 1.028279 nan
4175.200000 1.036832 nan
4176.000000 1.038299 nan
4176.800000 1.036516 nan
4177.600000 1.038695 nan
4178.400000 1.041729 nan
4179.200000 1.042006 nan
4180.000000 1.038285 nan
4180.800000 1.040502 nan
4181.600000 1.037317 nan
4182.400000 1.031584 nan
4183.200000 1.028295 nan
4184.000000 1.020633 nan
4184.800000 1.020664 nan
4185.600000 1.031718 nan
4186.400000 1.034740 nan
4187.200000 1.031320 nan
4188.000000 1.025990 nan
4188.800000 1.028609 nan
4189.600000 1.039509 nan
4190.400000 1.042257 nan
4191.200000 1.031298 nan
4192.000000 1.029527 nan
4192.800000 1.030665 nan
4193.600000 1.035230 nan
4194.400000 1.045858 nan
4195.200000 1.050875 nan
4196.000000 1.047478 nan
4196.800000 1.034694 nan
4197.600000 1.026792 nan
4198.400000 1.032726 nan
4199.200000 1.041543 nan
4200.000000 1.035265 nan
4200.800000 1.033385 nan
4201.600000 1.036935 nan
4202.400000 1.047392 nan
4203.200000 1.061889 nan
4204.000000 1.056945 nan
4204.800000 1.041120 nan
4205.600000 1.026962 nan
4206.400000 1.025056 nan
4207.200000 1.026235 nan
4208.000000 1.028275 nan
4208.800000 1.035608 nan
4209.600000 1.032069 nan
4210.400000 1.026627 nan
4211.200000 1.037115 nan
4212.000000 1.035388 nan
4212.800000 1.033873 nan
4213.600000 1.036238 nan
4214.400000 1.032150 nan
4215.200000 1.024222 nan
4216.000000 1.019064 nan
4216.800000 1.030886 nan
4217.600000 1.031448 nan
4218.400000 1.031077 nan
4219.200000 1.032517 nan
4220.000000 1.029690 nan
4220.800000 1.029010 nan
4221.600000 1.030182 nan
4222.400000 1.033084 nan
4223.200000 1.031779 nan
4224.000000 1.032661 nan
4224.800000 1.037186 nan
4225.600000 1.030215 nan
4226.400000 1.032637 nan
4227.200000 1.040692 nan
4228.000000 1.046370 nan
4228.800000 1.045466 nan
4229.600000 1.039624 nan
4230.400000 1.028202 nan
4231.200000 1.021261 nan
4232.000000 1.024258 nan
4232.800000 1.032535 nan
4233.600000 1.040966 nan
4234.400000 1.035664 nan
4235.200000 1.035001 nan
4236.000000 1.044146 nan
4236.800000 1.041949 nan
4237.600000 1.037076 nan
4238.400000 1.031157 nan
4239.200000 1.028146 nan
4240.000000 1.029737 nan
4240.800000 1.031157 nan
4241.600000 1.031452 nan
4242.400000 1.038167 nan
4243.200000 1.043812 nan
4244.000000 1.047529 nan
4244.800000 1.048252 nan
4245.600000 1.037524 nan
4246.400000 1.032507 nan
4247.200000 1.038050 nan
4248.000000 1.027740 nan
4248.800000 1.020002 nan
4249.600000 1.016330 nan
4250.400000 1.023555 nan
4251.200000 1.030797 nan
4252.000000 1.035136 nan
4252.800000 1.035529 nan
4253.600000 1.030426 nan
4254.400000 1.035118 nan
4255.200000 1.042085 nan
4256.000000 1.038619 nan
4256.800000 1.038588 nan
4257.600000 1.038386 nan
4258.400000 1.036996 nan
4259.200000 1.036327 nan
4260.000000 1.030084 nan
4260.800000 1.024604 nan
4261.600000 1.033104 nan
4262.400000 1.040685 nan
4263.200000 1.041459 nan
4264.000000 1.033411 nan
4264.800000 1.037215 nan
4265.600000 1.041716 nan
4266.400000 1.045849 nan
4267.200000 1.047706 nan
4268.000000 1.047021 nan
4268.800000 1.043010 nan
4269.600000 1.035752 nan
4270.400000 1.036864 nan
4271.200000 1.040426 nan
4272.000000 1.040404 nan
4272.800000 1.024506 nan
4273.600000 1.018948 nan
4274.400000 1.022776 nan
4275.200000 1.035656 nan
4276.000000 1.030609 nan
4276.800000 1.028337 nan
4277.600000 1.029742 nan
4278.400000 1.037480 nan
4279.200000 1.037156 nan
4280.000000 1.035099 nan
4280.800000 1.032918 nan
4281.600000 1.041344 nan
4282.400000 1.040913 nan
4283.200000 1.039936 nan
4284.000000 1.052643 nan
4284.800000 1.045097 nan
4285.600000 1.037420 nan
4286.400000 1.034820 nan
4287.200000 1.032636 nan
4288.000000 1.033143 nan
4288.800000 1.033434 nan
4289.600000 1.027824 nan
4290.400000 1.031973 nan
4291.200000 1.034595 nan
4292.000000 1.032612 nan
4292.800000 1.031856 nan
4293.600000 1.038704 nan
4294.400000 1.045850 nan
4295.200000 1.039613 nan
4296.000000 1.029379 nan
4296.800000 1.025119 nan
4297.600000 1.029041 nan
4298.400000 1.022882 nan
4299.200000 1.024257 nan
4300.000000 1.031080 nan
4300.800000 1.041291 nan
4301.600000 1.045198 nan
4302.400000 1.040953 nan
4303.200000 1.028800 nan
4304.000000 1.037160 nan
4304.800000 1.038445 nan
4305.600000 1.036499 nan
4306.400000 1.037221 nan
4307.200000 1.039432 nan
4308.000000 1.040122 nan
4308.800000 1.038076 nan
4309.600000 1.029369 nan
4310.400000 1.028080 nan
4311.200000 1.029799 nan
4312.000000 1.027648 nan
4312.800000 1.023114 nan
4313.600000 1.024428 nan
4314.400000 1.033318 nan
4315.200000 1.023410 nan
4316.000000 1.019815 nan
4316.800000 1.021943 nan
4317.600000 1.031024 nan
4318.400000 1.034033 nan
4319.200000 1.033009 nan
4320.000000 1.028709 nan
4320.800000 1.030564 nan
4321.600000 1.028563 nan
4322.400000 1.025976 nan
4323.200000 1.029077 nan
4324.000000 1.029198 nan
4324.800000 1.028470 nan
4325.600000 1.027350 nan
4326.400000 1.024837 nan
4327.200000 1.024652 nan
4328.000000 1.027446 nan
4328.800000 1.035219 nan
4329.600000 1.034192 nan
4330.400000 1.029437 nan
4331.200000 1.022220 nan
4332.000000 1.021489 nan
4332.800000 1.021994 nan
4333.600000 1.026738 nan
4334.400000 1.041906 nan
4335.200000 1.031493 nan
4336.000000 1.026840 nan
4336.800000 1.035090 nan
4337.600000 1.026809 nan
4338.400000 1.020428 nan
4339.200000 1.015738 nan
4340.000000 1.014411 nan
4340.800000 1.019765 nan
4341.600000 1.024099 nan
4342.400000 1.023965 nan
4343.200000 1.004960 nan
4344.000000 1.004969 nan
4344.800000 1.014504 nan
4345.600000 1.016855 nan
4346.400000 1.014474 nan
4347.200000 1.011842 nan
4348.000000 1.010371 nan
4348.800000 1.015629 nan
4349.600000 1.011709 nan
4350.400000 1.007187 nan
4351.200000 1.018690 nan
4352.000000 1.024786 nan
4352.800000 1.023951 nan
4353.600000 1.015655 nan
4354.400000 1.020890 nan
4355.200000 1.026947 nan
4356.000000 1.031627 nan
4356.800000 1.029958 nan
4357.600000 1.031957 nan
4358.400000 1.030253 nan
4359.200000 1.023004 nan
4360.000000 1.009816 nan
4360.800000 0.998702 nan
4361.600000 0.994790 nan
4362.400000 1.008796 nan
4363.200000 1.017519 nan
4364.000000 1.014067 nan
4364.800000 0.997634 nan
4365.600000 1.011941 nan
4366.400000 1.023947 nan
4367.200000 1.032041 nan
4368.000000 1.031527 nan
4368.800000 1.023624 nan
4369.600000 1.019163 nan
4370.400000 1.020827 nan
4371.200000 1.011106 nan
4372.000000 1.012396 nan
4372.800000 1.020069 nan
4373.600000 1.026971 nan
4374.400000 1.018562 nan
4375.200000 1.018125 nan
4376.000000 1.031558 nan
4376.800000 1.019601 nan
4377.600000 1.014382 nan
4378.400000 1.012891 nan
4379.200000 1.011395 nan
4380.000000 1.011842 nan
4380.800000 1.010418 nan
4381.600000 1.006536 nan
4382.400000 1.018069 nan
4383.200000 1.014118 nan
4384.000000 1.006592 nan
4384.800000 1.017904 nan
4385.600000 1.021723 nan
4386.400000 1.023811 nan
4387.200000 1.025066 nan
4388.000000 1.021214 nan
4388.800000 1.022383 nan
4389.600000 1.025060 nan
4390.400000 1.023630 nan
4391.200000 1.024035 nan
4392.000000 1.024465 nan
4392.800000 1.024362 nan
4393.600000 1.019947 nan
4394.400000 1.021542 nan
4395.200000 1.023372 nan
4396.000000 1.014557 nan
4396.800000 1.013287 nan
4397.600000 1.014361 nan
4398.400000 1.015952 nan
4399.200000 1.006559 nan
4400.000000 1.006990 nan
4400.800000 1.012877 nan
4401.600000 1.017907 nan
4402.400000 1.013336 nan
4403.200000 1.007077 nan
4404.000000 1.001643 nan
4404.800000 1.013449 nan
4405.600000 1.015578 nan
4406.400000 1.013886 nan
4407.200000 1.016673 nan
4408.000000 1.000161 nan
4408.800000 0.994898 nan
4409.600000 1.009814 nan
4410.400000 1.008407 nan
4411.200000 1.010520 nan
4412.000000 1.013859 nan
4412.800000 1.014588 nan
4413.600000 1.010252 nan
4414.400000 1.007909 nan
4415.200000 1.008849 nan
4416.000000 0.995331 nan
4416.800000 0.996171 nan
4417.600000 1.001790 nan
4418.400000 0.996231 nan
4419.200000 1.001771 nan
4420.000000 1.002455 nan
4420.800000 0.994701 nan
4421.600000 1.005367 nan
4422.400000 1.005187 nan
4423.200000 1.001982 nan
4424.000000 1.008613 nan
4424.800000 1.007268 nan
4425.600000 1.007422 nan
4426.400000 1.010966 nan
4427.200000 0.999184 nan
4428.000000 1.001767 nan
4428.800000 1.007526 nan
4429.600000 0.996586 nan
4430.400000 0.997638 nan
4431.200000 1.000188 nan
4432.000000 1.001884 nan
4432.800000 1.011751 nan
4433.600000 1.015601 nan
4434.400000 1.016615 nan
4435.200000 1.018401 nan
4436.000000 1.018676 nan
4436.800000 1.016309 nan
4437.600000 1.010799 nan
4438.400000 1.007314 nan
4439.200000 1.010420 nan
4440.000000 1.014174 nan
4440.800000 1.008722 nan
4441.600000 0.998743 nan
4442.400000 0.997227 nan
4443.200000 1.007356 nan
4444.000000 1.008219 nan
4444.800000 1.008810 nan
4445.600000 1.007946 nan
4446.400000 1.002719 nan
4447.200000 1.000762 nan
4448.000000 0.996704 nan
4448.800000 0.989834 nan
4449.600000 1.002441 nan
4450.400000 1.008497 nan
4451.200000 1.008756 nan
4452.000000 1.002563 nan
4452.800000 1.002575 nan
4453.600000 1.002962 nan
4454.400000 1.002229 nan
4455.200000 0.998472 nan
4456.000000 0.994609 nan
4456.800000 0.992962 nan
4457.600000 0.999430 nan
4458.400000 1.001081 nan
4459.200000 1.002134 nan
4460.000000 1.003658 nan
4460.800000 1.002904 nan
4461.600000 1.003754 nan
4462.400000 1.004123 nan
4463.200000 1.000099 nan
4464.000000 1.006348 nan
4464.800000 1.009949 nan
4465.600000 1.007501 nan
4466.400000 0.998150 nan
4467.200000 0.994440 nan
4468.000000 0.995197 nan
4468.800000 1.000354 nan
4469.600000 0.999571 nan
4470.400000 0.992172 nan
4471.200000 0.978067 nan
4472.000000 0.986249 nan
4472.800000 0.987467 nan
4473.600000 0.984618 nan
4474.400000 0.980890 nan
4475.200000 0.979914 nan
4476.000000 0.982864 nan
4476.800000 0.989640 nan
4477.600000 0.990416 nan
4478.400000 0.991130 nan
4479.200000 0.989022 nan
4480.000000 0.977816 nan
4480.800000 0.974963 nan
4481.600000 0.963261 nan
4482.400000 0.938640 nan
4483.200000 0.941136 nan
4484.000000 0.949086 nan
4484.800000 0.955512 nan
4485.600000 0.947664 nan
4486.400000 0.959427 nan
4487.200000 0.976008 nan
4488.000000 0.991604 nan
4488.800000 0.980356 nan
4489.600000 0.978080 nan
4490.400000 0.980758 nan
4491.200000 0.982862 nan
4492.000000 0.974444 nan
4492.800000 0.973093 nan
4493.600000 0.983266 nan
4494.400000 0.985858 nan
4495.200000 0.984091 nan
4496.000000 0.980944 nan
4496.800000 0.981165 nan
4497.600000 0.989102 nan
4498.400000 0.992021 nan
4499.200000 0.986989 nan
4500.000000 0.974125 nan
4500.800000 0.982848 nan
4501.600000 0.999797 nan
4502.400000 1.005646 nan
4503.200000 1.009982 nan
4504.000000 1.003920 nan
4504.800000 0.984810 nan
4505.600000 0.992156 nan
4506.400000 0.993394 nan
4507.200000 0.990596 nan
4508.000000 0.985466 nan
4508.800000 0.984827 nan
4509.600000 0.981721 nan
4510.400000 0.974172 nan
4511.200000 0.968045 nan
4512.000000 0.975450 nan
4512.800000 0.986527 nan
4513.600000 0.988464 nan
4514.400000 0.989736 nan
4515.200000 0.992237 nan
4516.000000 0.995653 nan
4516.800000 0.981220 nan
4517.600000 0.986236 nan
4518.400000 0.996265 nan
4519.200000 0.990691 nan
4520.000000 0.992437 nan
4520.800000 0.991041 nan
4521.600000 0.984481 nan
4522.400000 0.987388 nan
4523.200000 0.975480 nan
4524.000000 0.964214 nan
4524.800000 0.982894 nan
4525.600000 0.982293 nan
4526.400000 0.974906 nan
4527.200000 0.963533 nan
4528.000000 0.965769 nan
4528.800000 0.966522 nan
4529.600000 0.968244 nan
4530.400000 0.975538 nan
4531.200000 0.968724 nan
4532.000000 0.964511 nan
4532.800000 0.967327 nan
4533.600000 0.968306 nan
4534.400000 0.974939 nan
4535.200000 0.981784 nan
4536.000000 0.979681 nan
4536.800000 0.978067 nan
4537.600000 0.981113 nan
4538.400000 0.989003 nan
4539.200000 0.982124 nan
4540.000000 0.980859 nan
4540.800000 0.984638 nan
4541.600000 0.993961 nan
4542.400000 0.996141 nan
4543.200000 0.993574 nan
4544.000000 0.986969 nan
4544.800000 0.988937 nan
4545.600000 0.990848 nan
4546.400000 0.993066 nan
4547.200000 0.996421 nan
4548.000000 0.986321 nan
4548.800000 0.982946 nan
4549.600000 0.991139 nan
4550.400000 0.991833 nan
4551.200000 0.989154 nan
4552.000000 0.986462 nan
4552.800000 0.989520 nan
4553.600000 0.992327 nan
4554.400000 0.996704 nan
4555.200000 1.002315 nan
4556.000000 0.995844 nan
4556.800000 0.997384 nan
4557.600000 1.000221 nan
4558.400000 0.993064 nan
4559.200000 0.996200 nan
4560.000000 0.995832 nan
4560.800000 0.989328 nan
4561.600000 1.004013 nan
4562.400000 1.002790 nan
4563.200000 0.994618 nan
4564.000000 0.990179 nan
4564.800000 0.994613 nan
4565.600000 0.998459 nan
4566.400000 0.999015 nan
4567.200000 0.986539 nan
4568.000000 0.971235 nan
4568.800000 0.960730 nan
4569.600000 0.969370 nan
4570.400000 0.968202 nan
4571.200000 0.970196 nan
4572.000000 0.977750 nan
4572.800000 0.978806 nan
4573.600000 0.975174 nan
4574.400000 0.968968 nan
4575.200000 0.962967 nan
4576.000000 0.971073 nan
4576.800000 0.975186 nan
4577.600000 0.972040 nan
4578.400000 0.980141 nan
4579.200000 0.977102 nan
4580.000000 0.969532 nan
4580.800000 0.967974 nan
4581.600000 0.964951 nan
4582.400000 0.959966 nan
4583.200000 0.953360 nan
4584.000000 0.959264 nan
4584.800000 0.966998 nan
4585.600000 0.972415 nan
4586.400000 0.968546 nan
4587.200000 0.963749 nan
4588.000000 0.964451 nan
4588.800000 0.972460 nan
4589.600000 0.985794 nan
4590.400000 0.974669 nan
4591.200000 0.955792 nan
4592.000000 0.959425 nan
4592.800000 0.962737 nan
4593.600000 0.963652 nan
4594.400000 0.961864 nan
4595.200000 0.965264 nan
4596.000000 0.968116 nan
4596.800000 0.970716 nan
4597.600000 0.973199 nan
4598.400000 0.972348 nan
4599.200000 0.967283 nan
4600.000000 0.957932 nan
4600.800000 0.960780 nan
4601.600000 0.962490 nan
4602.400000 0.961122 nan
4603.200000 0.951788 nan
4604.000000 0.957300 nan
4604.800000 0.963966 nan
4605.600000 0.967903 nan
4606.400000 0.955712 nan
4607.200000 0.955917 nan
4608.000000 0.961688 nan
4608.800000 0.963445 nan
4609.600000 0.950381 nan
4610.400000 0.949805 nan
4611.200000 0.966267 nan
4612.000000 0.965691 nan
4612.800000 0.959731 nan
4613.600000 0.959901 nan
4614.400000 0.986935 nan
4615.200000 0.986015 nan
4616.000000 0.977678 nan
4616.800000 0.967165 nan
4617.600000 0.975295 nan
4618.400000 0.970515 nan
4619.200000 0.962216 nan
4620.000000 0.965060 nan
4620.800000 0.971948 nan
4621.600000 0.969027 nan
4622.400000 0.953912 nan
4623.200000 0.973054 nan
4624.000000 0.940492 nan
4624.800000 0.897900 nan
4625.600000 0.984145 nan
4626.400000 0.996009 nan
4627.200000 0.994216 nan
4628.000000 0.985218 nan
4628.800000 0.972399 nan
4629.600000 0.981295 nan
4630.400000 0.998600 nan
4631.200000 1.014040 nan
4632.000000 0.986619 nan
4632.800000 0.966511 nan
4633.600000 0.968080 nan
4634.400000 0.978409 nan
4635.200000 0.974902 nan
4636.000000 0.957575 nan
4636.800000 0.920263 nan
4637.600000 0.958777 nan
4638.400000 0.974008 nan
4639.200000 0.955549 nan
4640.000000 1.002000 nan
4640.800000 1.003105 nan
4641.600000 0.978556 nan
4642.400000 0.954204 nan
4643.200000 0.988433 nan
4644.000000 0.987909 nan
4644.800000 0.937773 nan
4645.600000 0.933656 nan
4646.400000 0.948545 nan
4647.200000 0.967916 nan
4648.000000 0.972574 nan
4648.800000 0.988241 nan
4649.600000 0.977204 nan
4650.400000 0.932468 nan
4651.200000 0.976172 nan
4652.000000 0.988130 nan
4652.800000 0.989312 nan
4653.600000 1.007113 nan
4654.400000 0.989955 nan
4655.200000 0.978551 nan
4656.000000 0.983293 nan
4656.800000 1.003081 nan
4657.600000 1.001448 nan
4658.400000 0.984598 nan
4659.200000 0.954014 nan
4660.000000 0.996157 nan
4660.800000 1.025949 nan
4661.600000 1.029598 nan
4662.400000 1.028119 nan
4663.200000 1.018557 nan
4664.000000 1.004570 nan
4664.800000 0.995517 nan
4665.600000 1.005077 nan
4666.400000 0.995375 nan
4667.200000 0.959815 nan
4668.000000 1.001179 nan
4668.800000 1.003862 nan
4669.600000 0.986652 nan
4670.400000 0.973353 nan
4671.200000 0.995771 nan
4672.000000 1.009594 nan
4672.800000 1.008429 nan
4673.600000 1.022253 nan
4674.400000 0.993192 nan
4675.200000 0.964212 nan
4676.000000 1.015548 nan
4676.800000 1.014374 nan
4677.600000 1.008823 nan
4678.400000 1.008596 nan
4679.200000 0.999962 nan
4680.000000 1.009823 nan
4680.800000 1.009044 nan
4681.600000 0.942623 nan
4682.400000 0.982705 nan
4683.200000 1.017217 nan
4684.000000 1.027278 nan
4684.800000 0.998680 nan
4685.600000 1.007201 nan
4686.400000 1.024749 nan
4687.200000 1.017541 nan
4688.000000 0.984610 nan
4688.800000 0.981804 nan
4689.600000 1.018312 nan
4690.400000 1.023983 nan
4691.200000 0.992596 nan
4692.000000 0.950955 nan
4692.800000 0.946444 nan
4693.600000 0.983195 nan
4694.400000 1.000485 nan
4695.200000 0.989538 nan
4696.000000 1.000761 nan
4696.800000 0.999212 nan
4697.600000 0.999302 nan
4698.400000 1.023415 nan
4699.200000 1.023473 nan
4700.000000 1.016567 nan
4700.800000 1.007261 nan
4701.600000 1.018921 nan
4702.400000 1.021057 nan
4703.200000 1.018234 nan
4704.000000 1.015513 nan
4704.800000 1.015191 nan
4705.600000 1.016216 nan
4706.400000 1.017499 nan
4707.200000 1.001720 nan
4708.000000 1.002995 nan
4708.800000 1.009893 nan
4709.600000 1.006924 nan
4710.400000 1.029937 nan
4711.200000 1.040802 nan
4712.000000 1.031998 nan
4712.800000 1.021465 nan
4713.600000 1.015365 nan
4714.400000 1.013435 nan
4715.200000 1.015591 nan
4716.000000 1.019439 nan
4716.800000 1.016845 nan
4717.600000 1.007272 nan
4718.400000 1.012566 nan
4719.200000 1.015594 nan
4720.000000 1.020661 nan
4720.800000 1.035686 nan
4721.600000 1.021915 nan
4722.400000 0.996809 nan
4723.200000 0.960956 nan
4724.000000 0.971528 nan
4724.800000 0.964013 nan
4725.600000 0.959052 nan
4726.400000 0.989373 nan
4727.200000 1.004908 nan
4728.000000 1.003969 nan
4728.800000 0.988258 nan
4729.600000 1.013037 nan
4730.400000 1.001955 nan
4731.200000 0.980806 nan
4732.000000 0.991414 nan
4732.800000 1.020951 nan
4733.600000 1.013980 nan
4734.400000 0.959496 nan
4735.200000 1.009609 nan
4736.000000 0.987707 nan
4736.800000 0.950020 nan
4737.600000 0.994447 nan
4738.400000 0.976197 nan
4739.200000 0.987184 nan
4740.000000 1.041382 nan
4740.800000 1.026017 nan
4741.600000 1.022251 nan
4742.400000 1.019577 nan
4743.200000 1.003827 nan
4744.000000 1.000448 nan
4744.800000 1.001336 nan
4745.600000 1.004712 nan
4746.400000 1.004040 nan
4747.200000 0.993775 nan
4748.000000 0.985866 nan
4748.800000 1.001279 nan
4749.600000 1.001596 nan
4750.400000 0.999413 nan
4751.200000 0.998796 nan
4752.000000 1.021533 nan
4752.800000 1.012249 nan
4753.600000 0.995363 nan
4754.400000 1.008779 nan
4755.200000 1.003111 nan
4756.000000 0.998605 nan
4756.800000 0.998469 nan
4757.600000 0.983158 nan
4758.400000 0.991064 nan
4759.200000 1.003189 nan
4760.000000 0.991821 nan
4760.800000 0.995694 nan
4761.600000 1.000410 nan
4762.400000 1.000847 nan
4763.200000 0.956690 nan
4764.000000 0.972200 nan
4764.800000 0.999320 nan
4765.600000 0.978384 nan
4766.400000 0.989303 nan
4767.200000 1.001637 nan
4768.000000 1.008332 nan
4768.800000 0.998393 nan
4769.600000 0.994802 nan
4770.400000 0.992862 nan
4771.200000 0.985447 nan
4772.000000 0.992272 nan
4772.800000 0.986200 nan
4773.600000 0.963521 nan
4774.400000 0.986856 nan
4775.200000 0.994537 nan
4776.000000 0.992292 nan
4776.800000 0.984054 nan
4777.600000 1.000403 nan
4778.400000 1.001507 nan
4779.200000 0.981324 nan
4780.000000 0.987829 nan
4780.800000 0.994301 nan
4781.600000 0.998650 nan
4782.400000 0.996494 nan
4783.200000 1.003557 nan
4784.000000 1.001492 nan
4784.800000 0.986900 nan
4785.600000 0.978122 nan
4786.400000 0.974714 nan
4787.200000 0.967973 nan
4788.000000 0.941191 nan
4788.800000 0.977194 nan
4789.600000 1.007000 nan
4790.400000 1.018459 nan
4791.200000 0.988867 nan
4792.000000 0.991714 nan
4792.800000 1.005278 nan
4793.600000 0.999887 nan
4794.400000 0.998542 nan
4795.200000 1.004506 nan
4796.000000 1.014626 nan
4796.800000 0.957688 nan
4797.600000 0.990933 nan
4798.400000 1.033227 nan
4799.200000 0.983937 nan
4800.000000 0.997141 nan
4800.800000 1.010907 nan
4801.600000 1.013656 nan
4802.400000 1.024527 nan
4803.200000 1.000194 nan
4804.000000 0.973732 nan
4804.800000 1.001907 nan
4805.600000 1.005708 nan
4806.400000 1.005599 nan
4807.200000 1.003840 nan
4808.000000 0.972004 nan
4808.800000 0.975316 nan
4809.600000 0.989775 nan
4810.400000 0.981779 nan
4811.200000 0.982732 nan
4812.000000 0.984241 nan
4812.800000 0.984816 nan
4813.600000 0.988534 nan
4814.400000 0.983555 nan
4815.200000 0.967242 nan
4816.000000 0.931731 nan
4816.800000 0.962931 nan
4817.600000 0.962903 nan
4818.400000 0.906839 nan
4819.200000 0.973190 nan
4820.000000 0.976508 nan
4820.800000 0.957859 nan
4821.600000 0.951184 nan
4822.400000 0.951952 nan
4823.200000 0.977512 nan
4824.000000 1.018948 nan
4824.800000 0.948700 nan
4825.600000 0.958865 nan
4826.400000 0.995789 nan
4827.200000 0.984824 nan
4828.000000 0.943605 nan
4828.800000 0.924162 nan
4829.600000 0.938574 nan
4830.400000 0.969225 nan
4831.200000 0.989799 nan
4832.000000 0.989672 nan
4832.800000 0.939780 nan
4833.600000 0.921247 nan
4834.400000 0.939740 nan
4835.200000 0.990347 nan
4836.000000 1.003631 nan
4836.800000 0.966204 nan
4837.600000 0.929107 nan
4838.400000 0.981181 nan
4839.200000 1.011441 nan
4840.000000 1.001657 nan
4840.800000 0.946003 nan
4841.600000 0.957198 nan
4842.400000 0.944925 nan
4843.200000 0.936142 nan
4844.000000 0.973907 nan
4844.800000 0.941731 nan
4845.600000 0.935755 nan
4846.400000 0.972316 nan
4847.200000 0.951835 nan
4848.000000 0.980120 nan
4848.800000 1.005129 nan
4849.600000 0.953630 nan
4850.400000 0.958491 nan
4851.200000 0.962728 nan
4852.000000 0.957653 nan
4852.800000 0.993634 nan
4853.600000 0.975429 nan
4854.400000 0.948428 nan
4855.200000 0.976701 nan
4856.000000 0.986160 nan
4856.800000 0.987367 nan
4857.600000 0.981754 nan
4858.400000 0.960030 nan
4859.200000 0.947392 nan
4860.000000 0.948847 nan
4860.800000 0.971767 nan
4861.600000 0.975581 nan
4862.400000 0.981069 nan
4863.200000 0.989672 nan
4864.000000 0.962247 nan
4864.800000 0.963395 nan
4865.600000 0.982470 nan
4866.400000 1.010617 nan
4867.200000 0.969056 nan
4868.000000 0.956859 nan
4868.800000 0.994322 nan
4869.600000 0.996872 nan
4870.400000 0.993113 nan
4871.200000 0.987501 nan
4872.000000 0.984837 nan
4872.800000 1.008357 nan
4873.600000 0.991883 nan
4874.400000 0.927024 nan
4875.200000 0.992134 nan
4876.000000 0.982055 nan
4876.800000 0.945973 nan
4877.600000 0.948639 nan
4878.400000 0.964540 nan
4879.200000 0.963965 nan
4880.000000 0.944175 nan
4880.800000 0.978018 nan
4881.600000 0.983016 nan
4882.400000 0.967798 nan
4883.200000 0.936327 nan
4884.000000 0.984501 nan
4884.800000 0.989496 nan
4885.600000 0.936947 nan
4886.400000 0.972736 nan
4887.200000 0.982133 nan
4888.000000 0.972252 nan
4888.800000 0.942112 nan
4889.600000 0.949086 nan
4890.400000 0.973037 nan
4891.200000 1.004232 nan
4892.000000 0.977933 nan
4892.800000 0.978359 nan
4893.600000 0.993558 nan
4894.400000 1.011738 nan
4895.200000 0.995693 nan
4896.000000 0.987564 nan
4896.800000 0.993333 nan
4897.600000 0.966529 nan
4898.400000 0.962669 nan
4899.200000 0.966801 nan
4900.000000 0.960547 nan
4900.800000 0.983589 nan
4901.600000 0.979194 nan
4902.400000 0.944333 nan
4903.200000 0.993714 nan
4904.000000 1.010780 nan
4904.800000 1.002879 nan
4905.600000 0.964727 nan
4906.400000 0.996094 nan
4907.200000 0.988611 nan
4908.000000 0.929079 nan
4908.800000 0.985399 nan
4909.600000 0.989118 nan
4910.400000 0.971730 nan
4911.200000 0.969274 nan
4912.000000 0.989854 nan
4912.800000 0.998525 nan
4913.600000 0.988752 nan
4914.400000 0.960603 nan
4915.200000 0.973272 nan
4916.000000 0.993319 nan
4916.800000 0.975932 nan
4917.600000 0.971042 nan
4918.400000 0.980888 nan
4919.200000 1.001230 nan
4920.000000 0.976278 nan
4920.800000 0.978761 nan
4921.600000 0.993066 nan
4922.400000 0.998065 nan
4923.200000 1.004612 nan
4924.000000 1.002261 nan
4924.800000 0.987399 nan
4925.600000 0.960681 nan
4926.400000 0.974056 nan
4927.200000 0.984052 nan
4928.000000 0.931833 nan
4928.800000 0.942052 nan
4929.600000 0.961228 nan
4930.400000 0.977881 nan
4931.200000 0.973472 nan
4932.000000 0.978742 nan
4932.800000 0.987372 nan
4933.600000 0.987405 nan
4934.400000 0.985489 nan
4935.200000 0.998579 nan
4936.000000 1.026118 nan
4936.800000 1.000582 nan
4937.600000 0.993934 nan
4938.400000 0.987780 nan
4939.200000 0.952756 nan
4940.000000 0.977961 nan
4940.800000 0.976238 nan
4941.600000 0.936264 nan
4942.400000 0.940413 nan
4943.200000 0.953433 nan
4944.000000 0.971959 nan
4944.800000 1.001346 nan
4945.600000 1.000581 nan
4946.400000 0.990110 nan
4947.200000 0.973372 nan
4948.000000 0.958139 nan
4948.800000 0.995898 nan
4949.600000 1.027886 nan
4950.400000 0.996266 nan
4951.200000 0.990495 nan
4952.000000 0.989391 nan
4952.800000 0.988839 nan
4953.600000 0.997980 nan
4954.400000 0.998168 nan
4955.200000 0.984998 nan
4956.000000 0.944603 nan
4956.800000 0.967837 nan
4957.600000 0.997242 nan
4958.400000 1.018560 nan
4959.200000 1.004525 nan
4960.000000 0.978062 nan
4960.800000 0.953700 nan
4961.600000 0.955951 nan
4962.400000 0.945230 nan
4963.200000 0.949441 nan
4964.000000 0.972212 nan
4964.800000 0.997462 nan
4965.600000 0.986872 nan
4966.400000 0.972366 nan
4967.200000 0.999941 nan
4968.000000 0.964407 nan
4968.800000 0.951883 nan
4969.600000 0.980103 nan
4970.400000 0.971971 nan
4971.200000 0.983334 nan
4972.000000 0.991548 nan
4972.800000 0.962463 nan
4973.600000 0.951036 nan
4974.400000 0.956026 nan
4975.200000 0.973313 nan
4976.000000 0.943439 nan
4976.800000 0.933829 nan
4977.600000 0.947586 nan
4978.400000 0.998314 nan
4979.200000 0.982592 nan
4980.000000 0.975824 nan
4980.800000 0.991553 nan
4981.600000 1.006497 nan
4982.400000 0.985882 nan
4983.200000 0.961664 nan
4984.000000 0.974003 nan
4984.800000 0.974181 nan
4985.600000 0.967184 nan
4986.400000 0.955247 nan
4987.200000 0.942979 nan
4988.000000 0.962997 nan
4988.800000 0.994265 nan
4989.600000 1.011794 nan
4990.400000 0.962324 nan
4991.200000 0.957155 nan
4992.000000 1.008018 nan
4992.800000 0.957188 nan
4993.600000 0.941786 nan
4994.400000 0.952845 nan
4995.200000 0.983837 nan
4996.000000 0.960668 nan
4996.800000 0.938992 nan
4997.600000 0.934140 nan
4998.400000 0.969909 nan
4999.200000 0.969274 nan
5000.000000 0.953664 nan
5000.800000 0.946829 nan
5001.600000 0.998769 nan
5002.400000 0.999649 nan
5003.200000 0.927987 nan
5004.000000 0.933861 nan
5004.800000 0.977868 nan
5005.600000 1.022810 nan
5006.400000 1.023289 nan
5007.200000 0.972374 nan
5008.000000 0.960787 nan
5008.800000 1.010895 nan
5009.600000 0.972737 nan
5010.400000 0.991326 nan
5011.200000 1.015411 nan
5012.000000 0.981433 nan
5012.800000 0.970370 nan
5013.600000 0.984692 nan
5014.400000 1.017914 nan
5015.200000 0.997346 nan
5016.000000 1.013396 nan
5016.800000 1.022392 nan
5017.600000 0.970971 nan
5018.400000 0.993438 nan
5019.200000 0.995977 nan
5020.000000 0.964759 nan
5020.800000 0.980250 nan
5021.600000 0.950530 nan
5022.400000 0.922832 nan
5023.200000 0.968355 nan
5024.000000 0.972475 nan
5024.800000 0.964461 nan
5025.600000 0.951900 nan
5026.400000 0.963512 nan
5027.200000 0.966136 nan
5028.000000 0.973759 nan
5028.800000 1.007803 nan
5029.600000 0.978403 nan
5030.400000 0.964268 nan
5031.200000 0.976004 nan
5032.000000 0.983444 nan
5032.800000 0.999143 nan
5033.600000 1.002545 nan
5034.400000 0.954322 nan
5035.200000 0.955983 nan
5036.000000 0.966110 nan
5036.800000 0.975800 nan
5037.600000 0.971467 nan
5038.400000 0.970319 nan
5039.200000 0.964668 nan
5040.000000 0.941004 nan
5040.800000 0.930250 nan
5041.600000 0.933823 nan
5042.400000 0.948734 nan
5043.200000 0.957940 nan
5044.000000 0.962319 nan
5044.800000 0.962212 nan
5045.600000 0.957212 nan
5046.400000 0.975269 nan
5047.200000 0.977855 nan
5048.000000 0.960596 nan
5048.800000 0.967581 nan
5049.600000 0.979192 nan
5050.400000 0.983753 nan
5051.200000 0.961487 nan
5052.000000 0.954147 nan
5052.800000 0.957567 nan
5053.600000 0.969224 nan
5054.400000 0.969341 nan
5055.200000 0.974072 nan
5056.000000 0.970491 nan
5056.800000 0.937978 nan
5057.600000 0.941595 nan
5058.400000 0.963721 nan
5059.200000 0.994065 nan
5060.000000 0.957557 nan
5060.800000 0.957609 nan
5061.600000 0.970405 nan
5062.400000 0.969809 nan
5063.200000 0.980274 nan
5064.000000 0.986833 nan
5064.800000 0.987075 nan
5065.600000 0.965375 nan
5066.400000 0.985186 nan
5067.200000 0.996563 nan
5068.000000 0.938753 nan
5068.800000 0.960038 nan
5069.600000 0.975530 nan
5070.400000 0.969490 nan
5071.200000 0.926222 nan
5072.000000 0.941101 nan
5072.800000 0.956643 nan
5073.600000 0.909142 nan
5074.400000 0.955036 nan
5075.200000 0.976321 nan
5076.000000 0.968064 nan
5076.800000 0.977719 nan
5077.600000 0.996113 nan
5078.400000 1.009124 nan
5079.200000 0.995596 nan
5080.000000 0.971268 nan
5080.800000 0.967516 nan
5081.600000 0.985240 nan
5082.400000 0.975073 nan
5083.200000 0.946980 nan
5084.000000 0.937965 nan
5084.800000 0.999316 nan
5085.600000 0.958601 nan
5086.400000 0.958890 nan
5087.200000 1.019142 nan
5088.000000 1.018411 nan
5088.800000 0.995681 nan
5089.600000 0.980867 nan
5090.400000 1.025300 nan
5091.200000 0.970154 nan
5092.000000 0.934452 nan
5092.800000 0.941107 nan
5093.600000 0.978559 nan
5094.400000 0.966203 nan
5095.200000 0.942481 nan
5096.000000 0.954632 nan
5096.800000 0.956282 nan
5097.600000 0.950599 nan
5098.400000 0.940409 nan
5099.200000 0.968820 nan
5100.000000 0.967138 nan
5100.800000 0.965923 nan
5101.600000 1.002203 nan
5102.400000 0.977359 nan
5103.200000 0.953386 nan
5104.000000 0.945224 nan
5104.800000 0.966105 nan
5105.600000 0.952838 nan
5106.400000 0.933227 nan
5107.200000 0.949658 nan
5108.000000 0.917440 nan
5108.800000 0.915919 nan
5109.600000 0.955221 nan
5110.400000 0.954458 nan
5111.200000 0.942559 nan
5112.000000 0.931768 nan
5112.800000 0.942948 nan
5113.600000 0.964523 nan
5114.400000 0.967256 nan
5115.200000 0.947644 nan
5116.000000 0.933933 nan
5116.800000 0.951624 nan
5117.600000 0.977386 nan
5118.400000 0.987695 nan
5119.200000 0.995372 nan
5120.000000 0.980152 nan
5120.800000 0.943303 nan
5121.600000 0.956433 nan
5122.400000 0.970225 nan
5123.200000 0.981027 nan
5124.000000 0.977489 nan
5124.800000 0.967719 nan
5125.600000 0.961120 nan
5126.400000 0.959765 nan
5127.200000 0.953855 nan
5128.000000 0.959962 nan
5128.800000 0.973490 nan
5129.600000 0.991349 nan
5130.400000 0.956870 nan
5131.200000 0.970123 nan
5132.000000 1.031226 nan
5132.800000 0.982251 nan
5133.600000 0.979251 nan
5134.400000 0.987159 nan
5135.200000 0.963404 nan
5136.000000 0.943474 nan
5136.800000 0.962751 nan
5137.600000 1.015956 nan
5138.400000 0.955797 nan
5139.200000 0.958524 nan
5140.000000 0.979079 nan
5140.800000 0.966730 nan
5141.600000 0.969734 nan
5142.400000 0.966527 nan
5143.200000 0.954584 nan
5144.000000 0.937685 nan
5144.800000 0.985275 nan
5145.600000 1.013311 nan
5146.400000 0.927213 nan
5147.200000 0.953475 nan
5148.000000 0.967859 nan
5148.800000 0.950630 nan
5149.600000 0.933201 nan
5150.400000 0.960556 nan
5151.200000 0.986433 nan
5152.000000 0.962789 nan
5152.800000 0.957494 nan
5153.600000 0.972593 nan
5154.400000 1.004150 nan
5155.200000 0.966819 nan
5156.000000 0.972443 nan
5156.800000 0.980713 nan
5157.600000 0.942555 nan
5158.400000 0.951462 nan
5159.200000 0.962358 nan
5160.000000 0.969062 nan
5160.800000 0.983626 nan
5161.600000 0.975574 nan
5162.400000 0.954400 nan
5163.200000 0.926456 nan
5164.000000 0.967600 nan
5164.800000 0.983426 nan
5165.600000 0.965235 nan
5166.400000 0.968939 nan
5167.200000 0.987938 nan
5168.000000 1.000366 nan
5168.800000 0.975855 nan
5169.600000 1.010506 nan
5170.400000 1.005542 nan
5171.200000 0.953054 nan
5172.000000 0.979201 nan
5172.800000 0.980268 nan
5173.600000 0.982262 nan
5174.400000 1.019311 nan
5175.200000 1.002624 nan
5176.000000 0.980321 nan
5176.800000 0.963251 nan
5177.600000 0.977652 nan
5178.400000 0.968261 nan
5179.200000 0.960934 nan
5180.000000 0.994511 nan
5180.800000 0.952327 nan
5181.600000 0.966295 nan
5182.400000 1.037164 nan
5183.200000 0.995087 nan
5184.000000 0.986511 nan
5184.800000 0.986406 nan
5185.600000 0.958916 nan
5186.400000 0.976706 nan
5187.200000 0.977326 nan
5188.000000 0.952932 nan
5188.800000 0.961952 nan
5189.600000 0.977256 nan
5190.400000 0.984763 nan
5191.200000 0.963480 nan
5192.000000 0.983603 nan
5192.800000 0.999435 nan
5193.600000 1.004289 nan
5194.400000 0.978302 nan
5195.200000 0.990641 nan
5196.000000 1.005826 nan
5196.800000 0.977628 nan
5197.600000 0.997232 nan
5198.400000 0.991416 nan
5199.200000 0.952114 nan
5200.000000 0.981389 nan
5200.800000 0.979620 nan
5201.600000 0.966467 nan
5202.400000 0.956120 nan
5203.200000 0.969527 nan
5204.000000 0.985746 nan
5204.800000 0.997840 nan
5205.600000 0.956474 nan
5206.400000 0.984880 nan
5207.200000 1.013280 nan
5208.000000 0.950694 nan
5208.800000 0.973885 nan
5209.600000 0.990138 nan
5210.400000 0.986240 nan
5211.200000 0.958208 nan
5212.000000 0.976108 nan
5212.800000 0.999445 nan
5213.600000 0.978631 nan
5214.400000 0.977848 nan
5215.200000 0.975788 nan
5216.000000 0.971496 nan
5216.800000 0.994353 nan
5217.600000 1.000999 nan
5218.400000 0.989251 nan
5219.200000 0.942565 nan
5220.000000 0.931616 nan
5220.800000 0.953679 nan
5221.600000 0.998666 nan
5222.400000 0.960667 nan
5223.200000 0.960076 nan
5224.000000 0.972320 nan
5224.800000 0.973620 nan
5225.600000 0.982896 nan
5226.400000 0.983293 nan
5227.200000 0.971246 nan
5228.000000 0.936308 nan
5228.800000 0.973637 nan
5229.600000 1.009541 nan
5230.400000 0.956829 nan
5231.200000 0.965822 nan
5232.000000 0.973299 nan
5232.800000 0.969104 nan
5233.600000 0.951513 nan
5234.400000 0.950590 nan
5235.200000 0.948493 nan
5236.000000 0.920326 nan
5236.800000 0.949750 nan
5237.600000 0.951548 nan
5238.400000 0.921944 nan
5239.200000 0.985291 nan
5240.000000 0.979628 nan
5240.800000 0.951899 nan
5241.600000 0.947318 nan
5242.400000 0.923363 nan
5243.200000 0.916684 nan
5244.000000 0.933462 nan
5244.800000 0.943619 nan
5245.600000 0.942152 nan
5246.400000 0.951543 nan
5247.200000 1.011061 nan
5248.000000 0.950619 nan
5248.800000 0.937339 nan
5249.600000 0.983430 nan
5250.400000 0.928611 nan
5251.200000 0.898198 nan
5252.000000 0.895549 nan
5252.800000 0.939179 nan
5253.600000 0.929236 nan
5254.400000 0.934395 nan
5255.200000 0.957029 nan
5256.000000 0.921987 nan
5256.800000 0.940287 nan
5257.600000 0.958904 nan
5258.400000 0.917362 nan
5259.200000 0.931731 nan
5260.000000 0.938835 nan
5260.800000 0.928997 nan
5261.600000 0.899710 nan
5262.400000 0.952085 nan
5263.200000 0.996776 nan
5264.000000 0.949260 nan
5264.800000 0.913830 nan
5265.600000 0.930039 nan
5266.400000 0.991133 nan
5267.200000 0.988244 nan
5268.000000 0.951835 nan
5268.800000 0.910661 nan
5269.600000 0.898670 nan
5270.400000 0.936987 nan
5271.200000 0.954660 nan
5272.000000 0.946189 nan
5272.800000 0.960182 nan
5273.600000 0.945399 nan
5274.400000 0.917009 nan
5275.200000 0.894212 nan
5276.000000 0.931170 nan
5276.800000 0.944014 nan
5277.600000 0.927470 nan
5278.400000 0.959560 nan
5279.200000 0.958360 nan
5280.000000 0.956078 nan
5280.800000 0.987149 nan
5281.600000 0.959164 nan
5282.400000 0.951693 nan
5283.200000 0.972777 nan
5284.000000 0.934391 nan
5284.800000 0.930610 nan
5285.600000 0.945972 nan
5286.400000 0.969258 nan
5287.200000 0.978986 nan
5288.000000 0.970267 nan
5288.800000 0.946818 nan
5289.600000 0.965640 nan
5290.400000 0.945427 nan
5291.200000 0.925121 nan
5292.000000 0.955247 nan
5292.800000 0.934377 nan
5293.600000 0.908030 nan
5294.400000 0.888640 nan
5295.200000 0.948690 nan
5296.000000 0.945118 nan
5296.800000 0.928336 nan
5297.600000 0.948953 nan
5298.400000 0.967166 nan
5299.200000 0.964298 nan
5300.000000 0.938791 nan
5300.800000 0.938481 nan
5301.600000 0.938356 nan
5302.400000 0.923818 nan
5303.200000 0.870133 nan
5304.000000 0.897214 nan
5304.800000 0.923722 nan
5305.600000 0.932745 nan
5306.400000 0.931444 nan
5307.200000 0.958935 nan
5308.000000 0.973603 nan
5308.800000 0.932532 nan
5309.600000 0.957053 nan
5310.400000 0.975598 nan
5311.200000 0.970621 nan
5312.000000 0.896802 nan
5312.800000 0.920565 nan
5313.600000 0.957594 nan
5314.400000 0.922748 nan
5315.200000 0.927620 nan
5316.000000 0.945180 nan
5316.800000 0.961631 nan
5317.600000 0.901258 nan
5318.400000 0.938450 nan
5319.200000 0.973707 nan
5320.000000 0.900758 nan
5320.800000 0.930407 nan
5321.600000 0.951592 nan
5322.400000 0.949157 nan
5323.200000 0.943809 nan
5324.000000 0.937186 nan
5324.800000 0.931488 nan
5325.600000 0.929803 nan
5326.400000 0.961783 nan
5327.200000 0.974063 nan
5328.000000 0.966647 nan
5328.800000 0.961143 nan
5329.600000 0.955177 nan
5330.400000 0.947022 nan
5331.200000 0.932575 nan
5332.000000 0.934749 nan
5332.800000 0.934033 nan
5333.600000 0.928755 nan
5334.400000 0.937145 nan
5335.200000 0.935511 nan
5336.000000 0.937818 nan
5336.800000 0.960651 nan
5337.600000 0.940622 nan
5338.400000 0.926432 nan
5339.200000 0.925170 nan
5340.000000 0.918784 nan
5340.800000 0.932918 nan
5341.600000 0.949987 nan
5342.400000 0.952043 nan
5343.200000 0.941578 nan
5344.000000 0.943827 nan
5344.800000 0.958817 nan
5345.600000 0.943726 nan
5346.400000 0.938170 nan
5347.200000 0.935902 nan
5348.000000 0.930625 nan
5348.800000 0.932915 nan
5349.600000 0.940698 nan
5350.400000 0.950112 nan
5351.200000 0.930622 nan
5352.000000 0.931225 nan
5352.800000 0.939793 nan
5353.600000 0.943835 nan
5354.400000 0.963623 nan
5355.200000 0.970454 nan
5356.000000 0.960398 nan
5356.800000 0.955636 nan
5357.600000 0.938685 nan
5358.400000 0.919845 nan
5359.200000 0.912679 nan
5360.000000 0.926848 nan
5360.800000 0.962938 nan
5361.600000 1.010272 nan
5362.400000 0.982470 nan
5363.200000 0.955152 nan
5364.000000 0.926652 nan
5364.800000 0.891220 nan
5365.600000 0.957794 nan
5366.400000 0.976955 nan
5367.200000 0.938961 nan
5368.000000 0.929775 nan
5368.800000 0.921003 nan
5369.600000 0.929920 nan
5370.400000 0.981588 nan
5371.200000 0.912774 nan
5372.000000 0.909368 nan
5372.800000 0.981997 nan
5373.600000 0.939477 nan
5374.400000 0.927089 nan
5375.200000 0.932145 nan
5376.000000 0.945842 nan
5376.800000 0.951318 nan
5377.600000 0.945259 nan
5378.400000 0.932087 nan
5379.200000 0.953132 nan
5380.000000 0.938535 nan
5380.800000 0.914619 nan
5381.600000 0.909584 nan
5382.400000 0.940631 nan
5383.200000 0.951451 nan
5384.000000 0.942242 nan
5384.800000 0.951329 nan
5385.600000 0.941405 nan
5386.400000 0.929305 nan
5387.200000 0.934498 nan
5388.000000 0.931406 nan
5388.800000 0.923923 nan
5389.600000 0.916219 nan
5390.400000 0.945783 nan
5391.200000 0.954440 nan
5392.000000 0.943627 nan
5392.800000 0.903534 nan
5393.600000 0.969227 nan
5394.400000 0.980332 nan
5395.200000 0.928751 nan
5396.000000 0.944037 nan
5396.800000 0.944994 nan
5397.600000 0.936432 nan
5398.400000 0.919293 nan
5399.200000 0.958252 nan
5400.000000 0.952244 nan
5400.800000 0.900294 nan
5401.600000 0.937010 nan
5402.400000 0.941527 nan
5403.200000 0.937701 nan
5404.000000 0.949452 nan
5404.800000 0.962698 nan
5405.600000 0.966596 nan
5406.400000 0.960060 nan
5407.200000 0.946806 nan
5408.000000 0.946853 nan
5408.800000 0.951357 nan
5409.600000 0.951468 nan
5410.400000 0.938332 nan
5411.200000 0.939406 nan
5412.000000 0.956076 nan
5412.800000 0.955789 nan
5413.600000 0.951756 nan
5414.400000 0.946533 nan
5415.200000 0.942820 nan
5416.000000 0.934926 nan
5416.800000 0.955431 nan
5417.600000 0.992557 nan
5418.400000 0.932409 nan
5419.200000 0.942457 nan
5420.000000 0.970130 nan
5420.800000 0.963048 nan
5421.600000 0.953605 nan
5422.400000 0.944976 nan
5423.200000 0.938738 nan
5424.000000 0.951070 nan
5424.800000 0.954688 nan
5425.600000 0.952034 nan
5426.400000 0.942920 nan
5427.200000 0.947717 nan
5428.000000 0.946988 nan
5428.800000 0.940273 nan
5429.600000 0.957188 nan
5430.400000 0.952544 nan
5431.200000 0.943228 nan
5432.000000 0.946110 nan
5432.800000 0.965982 nan
5433.600000 0.980016 nan
5434.400000 0.984568 nan
5435.200000 0.968441 nan
5436.000000 0.938768 nan
5436.800000 0.923191 nan
5437.600000 0.962273 nan
5438.400000 0.969965 nan
5439.200000 0.971944 nan
5440.000000 0.970527 nan
5440.800000 0.954068 nan
5441.600000 0.959169 nan
5442.400000 0.970843 nan
5443.200000 0.974483 nan
5444.000000 0.947056 nan
5444.800000 0.936523 nan
5445.600000 0.948780 nan
5446.400000 0.968102 nan
5447.200000 0.974546 nan
5448.000000 0.971194 nan
5448.800000 0.958781 nan
5449.600000 0.969677 nan
5450.400000 0.967126 nan
5451.200000 0.952768 nan
5452.000000 0.991850 nan
5452.800000 0.972141 nan
5453.600000 0.942696 nan
5454.400000 0.959817 nan
5455.200000 0.962725 nan
5456.000000 0.971496 nan
5456.800000 0.984401 nan
5457.600000 0.959446 nan
5458.400000 0.956641 nan
5459.200000 0.963657 nan
5460.000000 0.969531 nan
5460.800000 0.968297 nan
5461.600000 0.964916 nan
5462.400000 0.961394 nan
5463.200000 0.969874 nan
5464.000000 0.979450 nan
5464.800000 0.984683 nan
5465.600000 0.977895 nan
5466.400000 0.970172 nan
5467.200000 0.957281 nan
5468.000000 0.941411 nan
5468.800000 0.944732 nan
5469.600000 0.966107 nan
5470.400000 0.986220 nan
5471.200000 0.987916 nan
5472.000000 0.967608 nan
5472.800000 0.966009 nan
5473.600000 0.980890 nan
5474.400000 0.935694 nan
5475.200000 0.965397 nan
5476.000000 0.994884 nan
5476.800000 0.953910 nan
5477.600000 0.970770 nan
5478.400000 0.984075 nan
5479.200000 0.986493 nan
5480.000000 0.966491 nan
5480.800000 0.965839 nan
5481.600000 0.971789 nan
5482.400000 0.972929 nan
5483.200000 0.980340 nan
5484.000000 0.982646 nan
5484.800000 0.980390 nan
5485.600000 0.987109 nan
5486.400000 0.970827 nan
5487.200000 0.961426 nan
5488.000000 0.996104 nan
5488.800000 0.979992 nan
5489.600000 0.960867 nan
5490.400000 0.948900 nan
5491.200000 0.974996 nan
5492.000000 0.988064 nan
5492.800000 0.990856 nan
5493.600000 0.981167 nan
5494.400000 0.966242 nan
5495.200000 0.977259 nan
5496.000000 1.008490 nan
5496.800000 0.993461 nan
5497.600000 0.995142 nan
5498.400000 1.003535 nan
5499.200000 1.010853 nan
5500.000000 0.999655 nan
5500.800000 0.993907 nan
5501.600000 0.995621 nan
5502.400000 0.992515 nan
5503.200000 0.991865 nan
5504.000000 0.994742 nan
5504.800000 1.003302 nan
5505.600000 0.998928 nan
5506.400000 0.997488 nan
5507.200000 1.000620 nan
5508.000000 1.002785 nan
5508.800000 1.007587 nan
5509.600000 1.011672 nan
5510.400000 1.011257 nan
5511.200000 1.004506 nan
5512.000000 1.005906 nan
5512.800000 1.014657 nan
5513.600000 1.008179 nan
5514.400000 1.017300 nan
5515.200000 1.025386 nan
5516.000000 1.014555 nan
5516.800000 1.004811 nan
5517.600000 1.007154 nan
5518.400000 1.019771 nan
5519.200000 1.015272 nan
5520.000000 1.010535 nan
5520.800000 1.007715 nan
5521.600000 1.009698 nan
5522.400000 1.003306 nan
5523.200000 1.002578 nan
5524.000000 1.008675 nan
5524.800000 1.014540 nan
5525.600000 1.014895 nan
5526.400000 1.013373 nan
5527.200000 1.013288 nan
5528.000000 1.009156 nan
5528.800000 1.007183 nan
5529.600000 1.007898 nan
5530.400000 1.008589 nan
5531.200000 1.008550 nan
5532.000000 1.004276 nan
5532.800000 0.990205 nan
5533.600000 1.002717 nan
5534.400000 1.009830 nan
5535.200000 1.008437 nan
5536.000000 1.007598 nan
5536.800000 1.007416 nan
5537.600000 1.007828 nan
5538.400000 1.008953 nan
5539.200000 1.013174 nan
5540.000000 1.018299 nan
5540.800000 1.023332 nan
5541.600000 1.020426 nan
5542.400000 1.019613 nan
5543.200000 1.019530 nan
5544.000000 1.018998 nan
5544.800000 1.023819 nan
5545.600000 1.022410 nan
5546.400000 1.014947 nan
5547.200000 1.019429 nan
5548.000000 1.018826 nan
5548.800000 1.018626 nan
5549.600000 1.024482 nan
5550.400000 1.021747 nan
5551.200000 1.020927 nan
5552.000000 1.022571 nan
5552.800000 1.018409 nan
5553.600000 1.016700 nan
5554.400000 1.016189 nan
5555.200000 1.015799 nan
5556.000000 1.012487 nan
5556.800000 1.015414 nan
5557.600000 1.023727 nan
5558.400000 1.020053 nan
5559.200000 1.021458 nan
5560.000000 1.025481 nan
5560.800000 1.030474 nan
5561.600000 1.033309 nan
5562.400000 1.032904 nan
5563.200000 1.029654 nan
5564.000000 1.028554 nan
5564.800000 1.024158 nan
5565.600000 1.018687 nan
5566.400000 1.014110 nan
5567.200000 1.010761 nan
5568.000000 1.012276 nan
5568.800000 1.018328 nan
5569.600000 1.022443 nan
5570.400000 1.028869 nan
5571.200000 1.035155 nan
5572.000000 1.038845 nan
5572.800000 1.035033 nan
5573.600000 1.035806 nan
5574.400000 1.041149 nan
5575.200000 1.037079 nan
5576.000000 1.038988 nan
5576.800000 1.042956 nan
5577.600000 1.045709 nan
5578.400000 1.051007 nan
5579.200000 1.055777 nan
5580.000000 1.059408 nan
5580.800000 1.059083 nan
5581.600000 1.060197 nan
5582.400000 1.057429 nan
5583.200000 1.044014 nan
5584.000000 1.042018 nan
5584.800000 1.045319 nan
5585.600000 1.051152 nan
5586.400000 1.044783 nan
5587.200000 1.050118 nan
5588.000000 1.059631 nan
5588.800000 1.066725 nan
5589.600000 1.059724 nan
5590.400000 1.052911 nan
5591.200000 1.049010 nan
5592.000000 1.050432 nan
5592.800000 1.047470 nan
5593.600000 1.046754 nan
5594.400000 1.055851 nan
5595.200000 1.053519 nan
5596.000000 1.052633 nan
5596.800000 1.054242 nan
5597.600000 1.053685 nan
5598.400000 1.056079 nan
5599.200000 1.063478 nan
5600.000000 1.080435 nan
5600.800000 1.066841 nan
5601.600000 1.060326 nan
5602.400000 1.063929 nan
5603.200000 1.067250 nan
5604.000000 1.064889 nan
5604.800000 1.063946 nan
5605.600000 1.072429 nan
5606.400000 1.070251 nan
5607.200000 1.070847 nan
5608.000000 1.076423 nan
5608.800000 1.086782 nan
5609.600000 1.086134 nan
5610.400000 1.082149 nan
5611.200000 1.081465 nan
5612.000000 1.077752 nan
5612.800000 1.087006 nan
5613.600000 1.114130 nan
5614.400000 1.154618 nan
5615.200000 1.202937 nan
5616.000000 1.270220 nan
5616.800000 1.407276 nan
5617.600000 1.529577 nan
5618.400000 1.525803 nan
5619.200000 1.397746 nan
5620.000000 1.244233 nan
5620.800000 1.180886 nan
5621.600000 1.147699 nan
5622.400000 1.135719 nan
5623.200000 1.123666 nan
5624.000000 1.110814 nan
5624.800000 1.097649 nan
5625.600000 1.082045 nan
5626.400000 1.076968 nan
5627.200000 1.076436 nan
5628.000000 1.076366 nan
5628.800000 1.076879 nan
5629.600000 1.076226 nan
5630.400000 1.074591 nan
5631.200000 1.075304 nan
5632.000000 1.074855 nan
5632.800000 1.073434 nan
5633.600000 1.070889 nan
5634.400000 1.072848 nan
5635.200000 1.074255 nan
5636.000000 1.074680 nan
5636.800000 1.075813 nan
5637.600000 1.074941 nan
5638.400000 1.073979 nan
5639.200000 1.074896 nan
5640.000000 1.075271 nan
5640.800000 1.075910 nan
5641.600000 1.076664 nan
5642.400000 1.075450 nan
5643.200000 1.074977 nan
5644.000000 1.074499 nan
5644.800000 1.073234 nan
5645.600000 1.072253 nan
5646.400000 1.072557 nan
5647.200000 1.073775 nan
5648.000000 1.071701 nan
5648.800000 1.072724 nan
5649.600000 1.074447 nan
5650.400000 1.074584 nan
5651.200000 1.072819 nan
5652.000000 1.070606 nan
5652.800000 1.068914 nan
5653.600000 1.073986 nan
5654.400000 1.069150 nan
5655.200000 1.066479 nan
5656.000000 1.079112 nan
5656.800000 1.068606 nan
5657.600000 1.062848 nan
5658.400000 1.064430 nan
5659.200000 1.063307 nan
5660.000000 1.063360 nan
5660.800000 1.063471 nan
5661.600000 1.062512 nan
5662.400000 1.062164 nan
5663.200000 1.062933 nan
5664.000000 1.064474 nan
5664.800000 1.063383 nan
5665.600000 1.062673 nan
5666.400000 1.061669 nan
5667.200000 1.059569 nan
5668.000000 1.059763 nan
5668.800000 1.059790 nan
5669.600000 1.059317 nan
5670.400000 1.058206 nan
5671.200000 1.056186 nan
5672.000000 1.055546 nan
5672.800000 1.059038 nan
5673.600000 1.055690 nan
5674.400000 1.051635 nan
5675.200000 1.048435 nan
5676.000000 1.052843 nan
5676.800000 1.054767 nan
5677.600000 1.054708 nan
5678.400000 1.052459 nan
5679.200000 1.051915 nan
5680.000000 1.051441 nan
5680.800000 1.050759 nan
5681.600000 1.049299 nan
5682.400000 1.048494 nan
5683.200000 1.048225 nan
5684.000000 1.048553 nan
5684.800000 1.050338 nan
5685.600000 1.049179 nan
5686.400000 1.045803 nan
5687.200000 1.050819 nan
5688.000000 1.052260 nan
5688.800000 1.051626 nan
5689.600000 1.049730 nan
5690.400000 1.049759 nan
5691.200000 1.049071 nan
5692.000000 1.047660 nan
5692.800000 1.048101 nan
5693.600000 1.049675 nan
5694.400000 1.051281 nan
5695.200000 1.051819 nan
5696.000000 1.055289 nan
5696.800000 1.051767 nan
5697.600000 1.042952 nan
5698.400000 1.052849 nan
5699.200000 1.052120 nan
5700.000000 1.049644 nan
5700.800000 1.053519 nan
5701.600000 1.048184 nan
5702.400000 1.048410 nan
5703.200000 1.053896 nan
5704.000000 1.047573 nan
5704.800000 1.051874 nan
5705.600000 1.057188 nan
5706.400000 1.054376 nan
5707.200000 1.054070 nan
5708.000000 1.053566 nan
5708.800000 1.053001 nan
5709.600000 1.056026 nan
5710.400000 1.054869 nan
5711.200000 1.053916 nan
5712.000000 1.057597 nan
5712.800000 1.053864 nan
5713.600000 1.052541 nan
5714.400000 1.054331 nan
5715.200000 1.054953 nan
5716.000000 1.057272 nan
5716.800000 1.059329 nan
5717.600000 1.059069 nan
5718.400000 1.063745 nan
5719.200000 1.066767 nan
5720.000000 1.067905 nan
5720.800000 1.070883 nan
5721.600000 1.069216 nan
5722.400000 1.066339 nan
5723.200000 1.065166 nan
5724.000000 1.070956 nan
5724.800000 1.073507 nan
5725.600000 1.072155 nan
5726.400000 1.071340 nan
5727.200000 1.071911 nan
5728.000000 1.073139 nan
5728.800000 1.074527 nan
5729.600000 1.073512 nan
5730.400000 1.072201 nan
5731.200000 1.071560 nan
5732.000000 1.076930 nan
5732.800000 1.077675 nan
5733.600000 1.077717 nan
5734.400000 1.080641 nan
5735.200000 1.081676 nan
5736.000000 1.082185 nan
5736.800000 1.082134 nan
5737.600000 1.079973 nan
5738.400000 1.078011 nan
5739.200000 1.077774 nan
5740.000000 1.081308 nan
5740.800000 1.081776 nan
5741.600000 1.081845 nan
5742.400000 1.081647 nan
5743.200000 1.079732 nan
5744.000000 1.077846 nan
5744.800000 1.077728 nan
5745.600000 1.081576 nan
5746.400000 1.078148 nan
5747.200000 1.075303 nan
5748.000000 1.073971 nan
5748.800000 1.074179 nan
5749.600000 1.074456 nan
5750.400000 1.073327 nan
5751.200000 1.068879 nan
5752.000000 1.070307 nan
5752.800000 1.072182 nan
5753.600000 1.073761 nan
5754.400000 1.074485 nan
5755.200000 1.072125 nan
5756.000000 1.069666 nan
5756.800000 1.070005 nan
5757.600000 1.066300 nan
5758.400000 1.062507 nan
5759.200000 1.059596 nan
5760.000000 1.061292 nan
5760.800000 1.059185 nan
5761.600000 1.057158 nan
5762.400000 1.059164 nan
5763.200000 1.059342 nan
5764.000000 1.059243 nan
5764.800000 1.059007 nan
5765.600000 1.058283 nan
5766.400000 1.055680 nan
5767.200000 1.053072 nan
5768.000000 1.052278 nan
5768.800000 1.054748 nan
5769.600000 1.054275 nan
5770.400000 1.051445 nan
5771.200000 1.056404 nan
5772.000000 1.056571 nan
5772.800000 1.052477 nan
5773.600000 1.043196 nan
5774.400000 1.052066 nan
5775.200000 1.057958 nan
5776.000000 1.058713 nan
5776.800000 1.056931 nan
5777.600000 1.053657 nan
5778.400000 1.051105 nan
5779.200000 1.051598 nan
5780.000000 1.051719 nan
5780.800000 1.052830 nan
5781.600000 1.054450 nan
5782.400000 1.051664 nan
5783.200000 1.054236 nan
5784.000000 1.057267 nan
5784.800000 1.056469 nan
5785.600000 1.052673 nan
5786.400000 1.052872 nan
5787.200000 1.056925 nan
5788.000000 1.057927 nan
5788.800000 1.057122 nan
5789.600000 1.054792 nan
5790.400000 1.050813 nan
5791.200000 1.060234 nan
5792.000000 1.058457 nan
5792.800000 1.046533 nan
5793.600000 1.055419 nan
5794.400000 1.056768 nan
5795.200000 1.055644 nan
5796.000000 1.056039 nan
5796.800000 1.045962 nan
5797.600000 1.047192 nan
5798.400000 1.058471 nan
5799.200000 1.057622 nan
5800.000000 1.050210 nan
5800.800000 1.048035 nan
5801.600000 1.063366 nan
5802.400000 1.058039 nan
5803.200000 1.054866 nan
5804.000000 1.056224 nan
5804.800000 1.054282 nan
5805.600000 1.053674 nan
5806.400000 1.053058 nan
5807.200000 1.051056 nan
5808.000000 1.057031 nan
5808.800000 1.057745 nan
5809.600000 1.051816 nan
5810.400000 1.037167 nan
5811.200000 1.044834 nan
5812.000000 1.057699 nan
5812.800000 1.065143 nan
5813.600000 1.051959 nan
5814.400000 1.049273 nan
5815.200000 1.057830 nan
5816.000000 1.056568 nan
5816.800000 1.060393 nan
5817.600000 1.065272 nan
5818.400000 1.067878 nan
5819.200000 1.060915 nan
5820.000000 1.055613 nan
5820.800000 1.054538 nan
5821.600000 1.068027 nan
5822.400000 1.061866 nan
5823.200000 1.054758 nan
5824.000000 1.061949 nan
5824.800000 1.058852 nan
5825.600000 1.059190 nan
5826.400000 1.063895 nan
5827.200000 1.068589 nan
5828.000000 1.059128 nan
5828.800000 1.052198 nan
5829.600000 1.064955 nan
5830.400000 1.055860 nan
5831.200000 1.051786 nan
5832.000000 1.055269 nan
5832.800000 1.062085 nan
5833.600000 1.054084 nan
5834.400000 1.047920 nan
5835.200000 1.059909 nan
5836.000000 1.049440 nan
5836.800000 1.049312 nan
5837.600000 1.059105 nan
5838.400000 1.047406 nan
5839.200000 1.048224 nan
5840.000000 1.052094 nan
5840.800000 1.051249 nan
5841.600000 1.054737 nan
5842.400000 1.048876 nan
5843.200000 1.034958 nan
5844.000000 1.044290 nan
5844.800000 1.048179 nan
5845.600000 1.049292 nan
5846.400000 1.048367 nan
5847.200000 1.049539 nan
5848.000000 1.050145 nan
5848.800000 1.052194 nan
5849.600000 1.072008 nan
5850.400000 1.060471 nan
5851.200000 1.044953 nan
5852.000000 1.050823 nan
5852.800000 1.046691 nan
5853.600000 1.042288 nan
5854.400000 1.039331 nan
5855.200000 1.042533 nan
5856.000000 1.058421 nan
5856.800000 1.070592 nan
5857.600000 1.064656 nan
5858.400000 1.042495 nan
5859.200000 1.031208 nan
5860.000000 1.034541 nan
5860.800000 1.055695 nan
5861.600000 1.047541 nan
5862.400000 1.035509 nan
5863.200000 1.041610 nan
5864.000000 1.040550 nan
5864.800000 1.041967 nan
5865.600000 1.044319 nan
5866.400000 1.028545 nan
5867.200000 1.029084 nan
5868.000000 1.033303 nan
5868.800000 1.030929 nan
5869.600000 1.040547 nan
5870.400000 1.040451 nan
5871.200000 1.031040 nan
5872.000000 1.030019 nan
5872.800000 1.026700 nan
5873.600000 1.029688 nan
5874.400000 1.049073 nan
5875.200000 1.035182 nan
5876.000000 1.026644 nan
5876.800000 1.026659 nan
5877.600000 1.028846 nan
5878.400000 1.022175 nan
5879.200000 1.018373 nan
5880.000000 1.029181 nan
5880.800000 1.015230 nan
5881.600000 1.012443 nan
5882.400000 1.021431 nan
5883.200000 1.016844 nan
5884.000000 1.017999 nan
5884.800000 1.018814 nan
5885.600000 1.013645 nan
5886.400000 1.010930 nan
5887.200000 1.014630 nan
5888.000000 1.022398 nan
5888.800000 1.014909 nan
5889.600000 1.021262 nan
5890.400000 1.029249 nan
5891.200000 1.028419 nan
5892.000000 1.009933 nan
5892.800000 1.015429 nan
5893.600000 1.038189 nan
5894.400000 1.019264 nan
5895.200000 1.010310 nan
5896.000000 1.008669 nan
5896.800000 1.012500 nan
5897.600000 1.009933 nan
5898.400000 1.008807 nan
5899.200000 1.009954 nan
5900.000000 1.013974 nan
5900.800000 1.007440 nan
5901.600000 1.003635 nan
5902.400000 1.015819 nan
5903.200000 1.002912 nan
5904.000000 1.004475 nan
5904.800000 1.021069 nan
5905.600000 1.029317 nan
5906.400000 1.022608 nan
5907.200000 1.016774 nan
5908.000000 1.026342 nan
5908.800000 1.015582 nan
5909.600000 1.011126 nan
5910.400000 1.014525 nan
5911.200000 1.014623 nan
5912.000000 1.005056 nan
5912.800000 1.005405 nan
5913.600000 1.038068 nan
5914.400000 1.016842 nan
5915.200000 0.998782 nan
5916.000000 0.990297 nan
5916.800000 1.002333 nan
5917.600000 1.004034 nan
5918.400000 1.003823 nan
5919.200000 1.008489 nan
5920.000000 1.001614 nan
5920.800000 1.002446 nan
5921.600000 1.010693 nan
5922.400000 1.010923 nan
5923.200000 1.002079 nan
5924.000000 0.996545 nan
5924.800000 1.005799 nan
5925.600000 1.000547 nan
5926.400000 1.001526 nan
5927.200000 1.007429 nan
5928.000000 0.995156 nan
5928.800000 1.003103 nan
5929.600000 1.011536 nan
5930.400000 1.003342 nan
5931.200000 0.994209 nan
5932.000000 0.991311 nan
5932.800000 0.995211 nan
5933.600000 1.003430 nan
5934.400000 1.007239 nan
5935.200000 1.008627 nan
5936.000000 1.008465 nan
5936.800000 1.005104 nan
5937.600000 1.001969 nan
5938.400000 1.001223 nan
5939.200000 1.013580 nan
5940.000000 1.005179 nan
5940.800000 0.997146 nan
5941.600000 1.007468 nan
5942.400000 1.010277 nan
5943.200000 1.000397 nan
5944.000000 0.983684 nan
5944.800000 1.000935 nan
5945.600000 1.001480 nan
5946.400000 0.999758 nan
5947.200000 1.008240 nan
5948.000000 0.999937 nan
5948.800000 1.002733 nan
5949.600000 1.014972 nan
5950.400000 1.009859 nan
5951.200000 1.012042 nan
5952.000000 1.012771 nan
5952.800000 1.003642 nan
5953.600000 1.008400 nan
5954.400000 1.006694 nan
5955.200000 0.999413 nan
5956.000000 1.004985 nan
5956.800000 1.003804 nan
5957.600000 0.996588 nan
5958.400000 0.980246 nan
5959.200000 1.004256 nan
5960.000000 1.013162 nan
5960.800000 1.006747 nan
5961.600000 1.007041 nan
5962.400000 0.997698 nan
5963.200000 0.992400 nan
5964.000000 1.004908 nan
5964.800000 1.006679 nan
5965.600000 1.008371 nan
5966.400000 1.011405 nan
5967.200000 1.017885 nan
5968.000000 1.013855 nan
5968.800000 1.007173 nan
5969.600000 1.003733 nan
5970.400000 1.010456 nan
5971.200000 1.007051 nan
5972.000000 0.995441 nan
5972.800000 0.997832 nan
5973.600000 1.004311 nan
5974.400000 1.011043 nan
5975.200000 1.015917 nan
5976.000000 1.014633 nan
5976.800000 1.009999 nan
5977.600000 1.004626 nan
5978.400000 1.016199 nan
5979.200000 1.021595 nan
5980.000000 1.015543 nan
5980.800000 0.988887 nan
5981.600000 1.006026 nan
5982.400000 1.016359 nan
5983.200000 1.018066 nan
5984.000000 1.024317 nan
5984.800000 1.018183 nan
5985.600000 1.010554 nan
5986.400000 1.009940 nan
5987.200000 1.024131 nan
5988.000000 1.026454 nan
5988.800000 1.018219 nan
5989.600000 1.020343 nan
5990.400000 1.006516 nan
5991.200000 1.000452 nan
5992.000000 1.024078 nan
5992.800000 1.015622 nan
5993.600000 1.015046 nan
5994.400000 1.022636 nan
5995.200000 1.016975 nan
5996.000000 1.021875 nan
5996.800000 1.023777 nan
5997.600000 1.010512 nan
5998.400000 1.022477 nan
5999.200000 1.022216 nan
6000.000000 1.011295 nan
