3600.000000 1.014330 nan
3600.800000 1.013823 nan
3601.600000 1.023514 nan
3602.400000 1.028454 nan
3603.200000 1.025014 nan
3604.000000 1.043211 nan
3604.800000 1.042175 nan
3605.600000 1.027912 nan
3606.400000 1.022515 nan
3607.200000 1.027031 nan
3608.000000 1.020637 nan
3608.800000 1.019362 nan
3609.600000 1.019690 nan
3610.400000 1.017124 nan
3611.200000 1.014711 nan
3612.000000 1.017527 nan
3612.800000 1.018440 nan
3613.600000 1.022360 nan
3614.400000 1.023907 nan
3615.200000 1.022005 nan
3616.000000 1.015980 nan
3616.800000 1.007492 nan
3617.600000 1.019409 nan
3618.400000 1.018226 nan
3619.200000 1.009873 nan
3620.000000 1.005074 nan
3620.800000 1.005076 nan
3621.600000 1.009744 nan
3622.400000 1.008550 nan
3623.200000 1.007634 nan
3624.000000 1.010019 nan
3624.800000 1.010691 nan
3625.600000 0.999111 nan
3626.400000 1.009512 nan
3627.200000 1.006548 nan
3628.000000 0.999255 nan
3628.800000 1.011616 nan
3629.600000 1.024049 nan
3630.400000 1.018534 nan
3631.200000 1.012670 nan
3632.000000 1.010818 nan
3632.800000 1.008652 nan
3633.600000 1.003083 nan
3634.400000 1.021005 nan
3635.200000 1.017442 nan
3636.000000 1.009323 nan
3636.800000 1.009524 nan
3637.600000 1.010523 nan
3638.400000 1.021673 nan
3639.200000 1.008323 nan
3640.000000 0.999425 nan
3640.800000 1.004100 nan
3641.600000 1.013870 nan
3642.400000 1.011619 nan
3643.200000 1.016748 nan
3644.000000 1.012150 nan
3644.800000 1.006837 nan
3645.600000 1.011408 nan
3646.400000 1.016757 nan
3647.200000 1.016820 nan
3648.000000 1.016287 nan
3648.800000 1.009737 nan
3649.600000 1.002745 nan
3650.400000 1.011222 nan
3651.200000 1.015076 nan
3652.000000 1.013432 nan
3652.800000 1.009576 nan
3653.600000 1.010071 nan
3654.400000 1.017562 nan
3655.200000 1.009004 nan
3656.000000 1.011987 nan
3656.800000 1.014697 nan
3657.600000 1.018840 nan
3658.400000 1.025761 nan
3659.200000 1.020788 nan
3660.000000 1.021285 nan
3660.800000 1.021948 nan
3661.600000 1.019065 nan
3662.400000 1.013079 nan
3663.200000 1.011029 nan
3664.000000 1.024594 nan
3664.800000 1.021667 nan
3665.600000 1.016073 nan
3666.400000 1.017682 nan
3667.200000 1.020398 nan
3668.000000 1.013625 nan
3668.800000 1.019584 nan
3669.600000 1.026026 nan
3670.400000 1.023821 nan
3671.200000 1.015894 nan
3672.000000 1.016810 nan
3672.800000 1.021792 nan
3673.600000 1.020259 nan
3674.400000 1.013239 nan
3675.200000 1.006973 nan
3676.000000 1.009577 nan
3676.800000 1.011586 nan
3677.600000 1.021009 nan
3678.400000 1.024250 nan
3679.200000 1.015363 nan
3680.000000 1.005814 nan
3680.800000 1.010721 nan
3681.600000 1.009492 nan
3682.400000 1.010838 nan
3683.200000 1.015262 nan
3684.000000 1.016837 nan
3684.800000 1.013166 nan
3685.600000 1.005497 nan
3686.400000 1.015113 nan
3687.200000 1.023315 nan
3688.000000 1.015412 nan
3688.800000 1.016782 nan
3689.600000 1.009638 nan
3690.400000 1.010360 nan
3691.200000 1.013260 nan
3692.000000 1.016567 nan
3692.800000 1.025400 nan
3693.600000 1.021064 nan
3694.400000 1.014044 nan
3695.200000 1.014575 nan
3696.000000 1.017088 nan
3696.800000 1.012735 nan
3697.600000 1.014928 nan
3698.400000 1.014350 nan
3699.200000 1.017061 nan
3700.000000 1.014973 nan
3700.800000 1.006955 nan
3701.600000 1.018945 nan
3702.400000 1.021260 nan
3703.200000 1.016561 nan
3704.000000 1.011743 nan
3704.800000 1.012111 nan
3705.600000 1.018440 nan
3706.400000 1.016191 nan
3707.200000 1.013321 nan
3708.000000 1.011347 nan
3708.800000 1.010634 nan
3709.600000 1.014507 nan
3710.400000 1.028137 nan
3711.200000 1.017990 nan
3712.000000 1.001161 nan
3712.800000 0.997851 nan
3713.600000 1.013791 nan
3714.400000 1.016566 nan
3715.200000 1.012534 nan
3716.000000 1.014743 nan
3716.800000 1.018171 nan
3717.600000 1.019419 nan
3718.400000 1.025089 nan
3719.200000 1.022015 nan
3720.000000 1.015295 nan
3720.800000 1.010254 nan
3721.600000 1.011293 nan
3722.400000 1.019256 nan
3723.200000 1.020879 nan
3724.000000 1.020558 nan
3724.800000 1.026003 nan
3725.600000 1.031950 nan
3726.400000 1.028182 nan
3727.200000 1.024694 nan
3728.000000 1.020739 nan
3728.800000 1.017861 nan
3729.600000 1.016903 nan
3730.400000 1.018699 nan
3731.200000 1.023631 nan
3732.000000 1.024543 nan
3732.800000 1.021722 nan
3733.600000 1.014346 nan
3734.400000 1.009222 nan
3735.200000 1.018430 nan
3736.000000 1.017661 nan
3736.800000 1.016847 nan
3737.600000 1.015179 nan
3738.400000 1.016937 nan
3739.200000 1.025193 nan
3740.000000 1.022251 nan
3740.800000 1.024915 nan
3741.600000 1.020421 nan
3742.400000 1.020966 nan
3743.200000 1.030791 nan
3744.000000 1.019177 nan
3744.800000 1.015706 nan
3745.600000 1.008388 nan
3746.400000 0.998480 nan
3747.200000 0.997132 nan
3748.000000 1.016596 nan
3748.800000 1.024158 nan
3749.600000 1.018601 nan
3750.400000 1.017104 nan
3751.200000 1.015951 nan
3752.000000 1.004610 nan
3752.800000 1.011971 nan
3753.600000 1.015099 nan
3754.400000 1.010950 nan
3755.200000 1.005312 nan
3756.000000 1.005710 nan
3756.800000 1.012344 nan
3757.600000 1.001777 nan
3758.400000 1.006430 nan
3759.200000 1.013482 nan
3760.000000 1.011766 nan
3760.800000 1.016415 nan
3761.600000 1.016122 nan
3762.400000 1.013328 nan
3763.200000 1.014145 nan
3764.000000 1.016999 nan
3764.800000 1.016103 nan
3765.600000 1.019295 nan
3766.400000 1.010583 nan
3767.200000 1.007760 nan
3768.000000 1.010579 nan
3768.800000 1.010660 nan
3769.600000 1.009487 nan
3770.400000 1.008554 nan
3771.200000 1.010350 nan
3772.000000 1.011904 nan
3772.800000 1.012988 nan
3773.600000 1.019324 nan
3774.400000 1.015484 nan
3775.200000 1.017308 nan
3776.000000 1.016896 nan
3776.800000 1.014734 nan
3777.600000 1.023455 nan
3778.400000 1.028174 nan
3779.200000 1.021489 nan
3780.000000 1.015660 nan
3780.800000 1.013142 nan
3781.600000 1.009361 nan
3782.400000 1.006634 nan
3783.200000 1.009488 nan
3784.000000 1.014218 nan
3784.800000 1.016440 nan
3785.600000 1.014190 nan
3786.400000 1.014115 nan
3787.200000 1.023272 nan
3788.000000 1.019648 nan
3788.800000 1.016185 nan
3789.600000 1.017977 nan
3790.400000 1.013257 nan
3791.200000 1.017752 nan
3792.000000 1.016714 nan
3792.800000 1.017122 nan
3793.600000 1.018480 nan
3794.400000 1.014729 nan
3795.200000 1.016738 nan
3796.000000 1.020867 nan
3796.800000 1.022721 nan
3797.600000 1.019492 nan
3798.400000 1.012358 nan
3799.200000 1.011082 nan
3800.000000 1.016905 nan
3800.800000 1.016074 nan
3801.600000 1.013399 nan
3802.400000 1.012928 nan
3803.200000 1.010901 nan
3804.000000 1.022727 nan
3804.800000 1.014623 nan
3805.600000 1.008792 nan
3806.400000 1.017112 nan
3807.200000 1.027195 nan
3808.000000 1.023725 nan
3808.800000 1.017246 nan
3809.600000 1.022731 nan
3810.400000 1.031559 nan
3811.200000 1.029679 nan
3812.000000 1.032543 nan
3812.800000 1.026480 nan
3813.600000 1.019832 nan
3814.400000 1.019340 nan
3815.200000 1.021218 nan
3816.000000 1.010850 nan
3816.800000 1.007916 nan
3817.600000 1.015850 nan
3818.400000 1.016738 nan
3819.200000 1.011350 nan
3820.000000 1.017511 nan
3820.800000 1.016233 nan
3821.600000 1.016774 nan
3822.400000 1.014477 nan
3823.200000 1.016175 nan
3824.000000 1.028697 nan
3824.800000 1.025775 nan
3825.600000 1.018086 nan
3826.400000 1.019875 nan
3827.200000 1.017858 nan
3828.000000 1.004525 nan
3828.800000 1.004023 nan
3829.600000 1.012394 nan
3830.400000 1.011489 nan
3831.200000 1.012428 nan
3832.000000 1.017235 nan
3832.800000 1.011936 nan
3833.600000 1.016821 nan
3834.400000 1.015297 nan
3835.200000 1.013569 nan
3836.000000 1.016094 nan
3836.800000 1.019765 nan
3837.600000 1.014572 nan
3838.400000 1.009188 nan
3839.200000 1.006885 nan
3840.000000 1.010346 nan
3840.800000 1.017617 nan
3841.600000 1.014930 nan
3842.400000 1.005683 nan
3843.200000 1.007175 nan
3844.000000 1.013087 nan
3844.800000 1.015720 nan
3845.600000 1.016952 nan
3846.400000 1.023805 nan
3847.200000 1.022642 nan
3848.000000 1.016182 nan
3848.800000 1.014376 nan
3849.600000 1.022417 nan
3850.400000 1.016275 nan
3851.200000 1.022326 nan
3852.000000 1.022785 nan
3852.800000 1.015684 nan
3853.600000 1.011980 nan
3854.400000 1.019993 nan
3855.200000 1.023301 nan
3856.000000 1.025329 nan
3856.800000 1.024739 nan
3857.600000 1.021089 nan
3858.400000 1.021490 nan
3859.200000 1.029372 nan
3860.000000 1.025074 nan
3860.800000 1.018978 nan
3861.600000 1.021046 nan
3862.400000 1.030608 nan
3863.200000 1.026861 nan
3864.000000 1.020450 nan
3864.800000 1.022810 nan
3865.600000 1.027333 nan
3866.400000 1.023223 nan
3867.200000 1.020067 nan
3868.000000 1.015898 nan
3868.800000 1.020302 nan
3869.600000 1.025891 nan
3870.400000 1.024292 nan
3871.200000 1.020647 nan
3872.000000 1.017361 nan
3872.800000 1.019497 nan
3873.600000 1.023439 nan
3874.400000 1.023538 nan
3875.200000 1.017429 nan
3876.000000 1.016664 nan
3876.800000 1.018755 nan
3877.600000 1.014673 nan
3878.400000 1.009031 nan
3879.200000 1.011629 nan
3880.000000 1.015630 nan
3880.800000 1.017295 nan
3881.600000 1.021395 nan
3882.400000 1.024411 nan
3883.200000 1.023377 nan
3884.000000 1.025657 nan
3884.800000 1.021460 nan
3885.600000 1.022545 nan
3886.400000 1.025759 nan
3887.200000 1.025573 nan
3888.000000 1.022030 nan
3888.800000 1.026222 nan
3889.600000 1.031953 nan
3890.400000 1.024962 nan
3891.200000 1.011852 nan
3892.000000 1.010765 nan
3892.800000 1.007774 nan
3893.600000 1.010605 nan
3894.400000 1.015568 nan
3895.200000 1.016107 nan
3896.000000 1.013228 nan
3896.800000 1.025812 nan
3897.600000 1.027889 nan
3898.400000 1.018143 nan
3899.200000 1.011644 nan
3900.000000 1.018303 nan
3900.800000 1.030126 nan
3901.600000 1.025931 nan
3902.400000 1.007630 nan
3903.200000 1.005209 nan
3904.000000 1.020549 nan
3904.800000 1.027235 nan
3905.600000 1.021346 nan
3906.400000 1.019906 nan
3907.200000 1.015097 nan
3908.000000 1.010982 nan
3908.800000 1.015007 nan
3909.600000 1.013907 nan
3910.400000 1.023103 nan
3911.200000 1.024121 nan
3912.000000 1.020763 nan
3912.800000 1.022413 nan
3913.600000 1.026098 nan
3914.400000 1.018527 nan
3915.200000 1.014030 nan
3916.000000 1.015585 nan
3916.800000 1.017782 nan
3917.600000 1.013717 nan
3918.400000 1.017311 nan
3919.200000 1.017538 nan
3920.000000 1.019609 nan
3920.800000 1.022203 nan
3921.600000 1.019450 nan
3922.400000 1.015489 nan
3923.200000 1.013859 nan
3924.000000 1.016990 nan
3924.800000 1.018724 nan
3925.600000 1.016280 nan
3926.400000 1.020212 nan
3927.200000 1.018058 nan
3928.000000 1.017967 nan
3928.800000 1.025795 nan
3929.600000 1.034438 nan
3930.400000 1.025143 nan
3931.200000 1.027364 nan
3932.000000 1.020418 nan
3932.800000 1.014585 nan
3933.600000 1.012457 nan
3934.400000 1.008980 nan
3935.200000 1.012430 nan
3936.000000 1.025763 nan
3936.800000 1.034628 nan
3937.600000 1.032648 nan
3938.400000 1.024079 nan
3939.200000 1.022409 nan
3940.000000 1.017492 nan
3940.800000 1.013206 nan
3941.600000 1.014574 nan
3942.400000 1.018832 nan
3943.200000 1.014110 nan
3944.000000 1.019653 nan
3944.800000 1.022607 nan
3945.600000 1.017969 nan
3946.400000 1.012827 nan
3947.200000 1.017331 nan
3948.000000 1.007861 nan
3948.800000 1.016230 nan
3949.600000 1.024826 nan
3950.400000 1.029409 nan
3951.200000 1.038470 nan
3952.000000 1.049856 nan
3952.800000 1.047964 nan
3953.600000 1.059700 nan
3954.400000 1.076644 nan
3955.200000 1.082161 nan
3956.000000 1.078624 nan
3956.800000 1.081594 nan
3957.600000 1.092315 nan
3958.400000 1.086042 nan
3959.200000 1.062530 nan
3960.000000 1.052498 nan
3960.800000 1.062422 nan
3961.600000 1.062890 nan
3962.400000 1.050942 nan
3963.200000 1.035259 nan
3964.000000 1.029128 nan
3964.800000 1.040820 nan
3965.600000 1.043613 nan
3966.400000 1.043274 nan
3967.200000 1.041401 nan
3968.000000 1.040213 nan
3968.800000 1.049651 nan
3969.600000 1.051190 nan
3970.400000 1.072910 nan
3971.200000 1.088349 nan
3972.000000 1.076882 nan
3972.800000 1.062156 nan
3973.600000 1.066010 nan
3974.400000 1.053222 nan
3975.200000 1.044978 nan
3976.000000 1.052045 nan
3976.800000 1.061048 nan
3977.600000 1.038099 nan
3978.400000 1.036337 nan
3979.200000 1.024840 nan
3980.000000 1.014100 nan
3980.800000 1.021810 nan
3981.600000 1.019233 nan
3982.400000 1.021470 nan
3983.200000 1.021751 nan
3984.000000 1.016785 nan
3984.800000 1.012593 nan
3985.600000 1.021404 nan
3986.400000 1.021680 nan
3987.200000 1.012797 nan
3988.000000 1.010431 nan
3988.800000 1.018914 nan
3989.600000 1.029115 nan
3990.400000 1.029290 nan
3991.200000 1.016423 nan
3992.000000 1.008567 nan
3992.800000 1.010876 nan
3993.600000 1.017698 nan
3994.400000 1.014936 nan
3995.200000 1.007490 nan
3996.000000 1.006584 nan
3996.800000 1.011935 nan
3997.600000 1.016418 nan
3998.400000 1.012350 nan
3999.200000 1.023252 nan
4000.000000 1.020238 nan
4000.800000 1.020321 nan
4001.600000 1.028569 nan
4002.400000 1.025836 nan
4003.200000 1.025147 nan
4004.000000 1.020583 nan
4004.800000 1.017646 nan
4005.600000 1.020385 nan
4006.400000 1.027313 nan
4007.200000 1.028414 nan
4008.000000 1.024709 nan
4008.800000 1.027689 nan
4009.600000 1.031207 nan
4010.400000 1.028923 nan
4011.200000 1.029637 nan
4012.000000 1.022511 nan
4012.800000 1.023558 nan
4013.600000 1.030591 nan
4014.400000 1.034103 nan
4015.200000 1.026616 nan
4016.000000 1.027209 nan
4016.800000 1.024625 nan
4017.600000 1.027592 nan
4018.400000 1.032263 nan
4019.200000 1.026599 nan
4020.000000 1.026169 nan
4020.800000 1.027715 nan
4021.600000 1.022637 nan
4022.400000 1.017410 nan
4023.200000 1.019395 nan
4024.000000 1.017908 nan
4024.800000 1.021092 nan
4025.600000 1.028466 nan
4026.400000 1.032121 nan
4027.200000 1.028609 nan
4028.000000 1.026008 nan
4028.800000 1.028270 nan
4029.600000 1.024890 nan
4030.400000 1.023676 nan
4031.200000 1.028108 nan
4032.000000 1.031295 nan
4032.800000 1.019848 nan
4033.600000 1.020161 nan
4034.400000 1.026068 nan
4035.200000 1.027947 nan
4036.000000 1.023014 nan
4036.800000 1.026461 nan
4037.600000 1.031933 nan
4038.400000 1.030967 nan
4039.200000 1.024602 nan
4040.000000 1.019854 nan
4040.800000 1.025490 nan
4041.600000 1.027711 nan
4042.400000 1.023469 nan
4043.200000 1.023480 nan
4044.000000 1.031599 nan
4044.800000 1.037927 nan
4045.600000 1.023491 nan
4046.400000 1.014644 nan
4047.200000 1.017477 nan
4048.000000 1.019443 nan
4048.800000 1.010701 nan
4049.600000 1.021050 nan
4050.400000 1.021384 nan
4051.200000 1.016976 nan
4052.000000 1.017704 nan
4052.800000 1.023356 nan
4053.600000 1.014738 nan
4054.400000 1.003506 nan
4055.200000 1.010581 nan
4056.000000 1.016263 nan
4056.800000 1.011382 nan
4057.600000 1.015356 nan
4058.400000 1.026314 nan
4059.200000 1.020786 nan
4060.000000 1.015550 nan
4060.800000 1.014670 nan
4061.600000 1.010869 nan
4062.400000 1.010452 nan
4063.200000 1.019523 nan
4064.000000 1.024158 nan
4064.800000 1.018381 nan
4065.600000 1.008365 nan
4066.400000 1.014078 nan
4067.200000 1.021656 nan
4068.000000 1.021084 nan
4068.800000 1.017609 nan
4069.600000 1.016591 nan
4070.400000 1.018327 nan
4071.200000 1.035089 nan
4072.000000 1.021145 nan
4072.800000 1.005889 nan
4073.600000 1.002694 nan
4074.400000 1.016085 nan
4075.200000 1.017287 nan
4076.000000 1.013419 nan
4076.800000 1.007429 nan
4077.600000 1.006703 nan
4078.400000 1.016487 nan
4079.200000 1.014308 nan
4080.000000 1.003369 nan
4080.800000 0.998146 nan
4081.600000 1.003695 nan
4082.400000 1.014037 nan
4083.200000 1.012104 nan
4084.000000 1.016297 nan
4084.800000 1.011693 nan
4085.600000 1.012578 nan
4086.400000 1.024388 nan
4087.200000 1.028743 nan
4088.000000 1.006372 nan
4088.800000 1.013147 nan
4089.600000 1.029238 nan
4090.400000 1.034203 nan
4091.200000 1.024083 nan
4092.000000 1.012483 nan
4092.800000 1.004743 nan
4093.600000 1.021776 nan
4094.400000 1.032747 nan
4095.200000 1.012022 nan
4096.000000 1.005729 nan
4096.800000 0.997345 nan
4097.600000 1.003688 nan
4098.400000 1.010650 nan
4099.200000 1.011944 nan
4100.000000 1.018188 nan
4100.800000 1.008718 nan
4101.600000 1.012666 nan
4102.400000 1.009915 nan
4103.200000 1.003362 nan
4104.000000 1.010520 nan
4104.800000 1.016888 nan
4105.600000 1.021526 nan
4106.400000 1.014871 nan
4107.200000 1.011786 nan
4108.000000 1.022001 nan
4108.800000 1.021024 nan
4109.600000 1.017657 nan
4110.400000 1.023425 nan
4111.200000 1.030672 nan
4112.000000 1.029384 nan
4112.800000 1.021570 nan
4113.600000 1.024660 nan
4114.400000 1.014255 nan
4115.200000 1.018811 nan
4116.000000 1.032085 nan
4116.800000 1.017603 nan
4117.600000 1.017949 nan
4118.400000 1.027959 nan
4119.200000 1.027931 nan
4120.000000 1.023135 nan
4120.800000 1.030359 nan
4121.600000 1.051234 nan
4122.400000 1.035071 nan
4123.200000 1.020278 nan
4124.000000 1.017932 nan
4124.800000 1.024570 nan
4125.600000 1.026184 nan
4126.400000 1.024484 nan
4127.200000 1.038467 nan
4128.000000 1.037341 nan
4128.800000 1.019615 nan
4129.600000 1.020018 nan
4130.400000 1.028203 nan
4131.200000 1.029634 nan
4132.000000 1.029388 nan
4132.800000 1.033913 nan
4133.600000 1.041203 nan
4134.400000 1.028764 nan
4135.200000 1.024187 nan
4136.000000 1.025267 nan
4136.800000 1.031882 nan
4137.600000 1.039668 nan
4138.400000 1.032737 nan
4139.200000 1.033489 nan
4140.000000 1.042871 nan
4140.800000 1.048674 nan
4141.600000 1.043887 nan
4142.400000 1.035000 nan
4143.200000 1.031453 nan
4144.000000 1.033624 nan
4144.800000 1.036604 nan
4145.600000 1.036714 nan
4146.400000 1.033988 nan
4147.200000 1.033782 nan
4148.000000 1.022943 nan
4148.800000 1.027528 nan
4149.600000 1.041982 nan
4150.400000 1.048755 nan
4151.200000 1.052112 nan
4152.000000 1.053704 nan
4152.800000 1.048137 nan
4153.600000 1.042236 nan
4154.400000 1.041040 nan
4155.200000 1.042518 nan
4156.000000 1.042352 nan
4156.800000 1.043032 nan
4157.600000 1.056146 nan
4158.400000 1.067516 nan
4159.200000 1.049558 nan
4160.000000 1.070477 nan
4160.800000 1.058783 nan
4161.600000 1.045441 nan
4162.400000 1.040210 nan
4163.200000 1.037118 nan
4164.000000 1.034394 nan
4164.800000 1.042171 nan
4165.600000 1.040960 nan
4166.400000 1.041087 nan
4167.200000 1.054513 nan
4168.000000 1.072548 nan
4168.800000 1.056263 nan
4169.600000 1.063096 nan
4170.400000 1.069857 nan
4171.200000 1.077110 nan
4172.000000 1.114878 nan
4172.800000 1.069519 nan
4173.600000 1.044602 nan
4174.400000 1.045382 nan
4175.200000 1.050525 nan
4176.000000 1.042834 nan
4176.800000 1.039483 nan
4177.600000 1.040944 nan
4178.400000 1.045114 nan
4179.200000 1.047914 nan
4180.000000 1.045774 nan
4180.800000 1.040189 nan
4181.600000 1.046254 nan
4182.400000 1.037671 nan
4183.200000 1.028225 nan
4184.000000 1.030029 nan
4184.800000 1.039112 nan
4185.600000 1.045909 nan
4186.400000 1.046840 nan
4187.200000 1.042858 nan
4188.000000 1.042457 nan
4188.800000 1.051489 nan
4189.600000 1.045580 nan
4190.400000 1.047001 nan
4191.200000 1.047790 nan
4192.000000 1.046076 nan
4192.800000 1.047316 nan
4193.600000 1.058181 nan
4194.400000 1.041196 nan
4195.200000 1.044660 nan
4196.000000 1.046433 nan
4196.800000 1.035036 nan
4197.600000 1.036019 nan
4198.400000 1.036353 nan
4199.200000 1.041458 nan
4200.000000 1.048558 nan
4200.800000 1.047769 nan
4201.600000 1.035492 nan
4202.400000 1.044996 nan
4203.200000 1.048400 nan
4204.000000 1.047755 nan
4204.800000 1.046604 nan
4205.600000 1.046227 nan
4206.400000 1.048024 nan
4207.200000 1.051801 nan
4208.000000 1.049331 nan
4208.800000 1.038816 nan
4209.600000 1.028264 nan
4210.400000 1.033242 nan
4211.200000 1.035818 nan
4212.000000 1.046580 nan
4212.800000 1.056133 nan
4213.600000 1.053390 nan
4214.400000 1.037438 nan
4215.200000 1.038438 nan
4216.000000 1.039271 nan
4216.800000 1.048336 nan
4217.600000 1.057305 nan
4218.400000 1.052944 nan
4219.200000 1.050351 nan
4220.000000 1.049944 nan
4220.800000 1.051936 nan
4221.600000 1.050558 nan
4222.400000 1.049509 nan
4223.200000 1.066362 nan
4224.000000 1.041913 nan
4224.800000 1.038435 nan
4225.600000 1.042316 nan
4226.400000 1.036791 nan
4227.200000 1.026844 nan
4228.000000 1.025426 nan
4228.800000 1.035559 nan
4229.600000 1.038457 nan
4230.400000 1.033733 nan
4231.200000 1.031141 nan
4232.000000 1.018904 nan
4232.800000 1.035239 nan
4233.600000 1.031705 nan
4234.400000 1.017906 nan
4235.200000 1.022352 nan
4236.000000 1.035737 nan
4236.800000 1.030047 nan
4237.600000 1.024622 nan
4238.400000 1.025626 nan
4239.200000 1.035048 nan
4240.000000 1.048965 nan
4240.800000 1.025956 nan
4241.600000 1.034694 nan
4242.400000 1.029057 nan
4243.200000 1.012101 nan
4244.000000 1.020740 nan
4244.800000 1.021009 nan
4245.600000 1.023704 nan
4246.400000 1.009649 nan
4247.200000 1.006822 nan
4248.000000 1.033701 nan
4248.800000 1.021544 nan
4249.600000 1.024410 nan
4250.400000 1.024877 nan
4251.200000 1.026588 nan
4252.000000 1.027275 nan
4252.800000 1.006830 nan
4253.600000 1.003882 nan
4254.400000 1.016928 nan
4255.200000 1.029816 nan
4256.000000 1.026715 nan
4256.800000 1.008741 nan
4257.600000 1.009504 nan
4258.400000 1.021244 nan
4259.200000 1.015180 nan
4260.000000 1.003373 nan
4260.800000 1.013302 nan
4261.600000 1.032297 nan
4262.400000 1.008683 nan
4263.200000 1.013005 nan
4264.000000 1.019704 nan
4264.800000 1.003672 nan
4265.600000 1.013108 nan
4266.400000 1.010653 nan
4267.200000 1.012665 nan
4268.000000 1.009138 nan
4268.800000 1.001277 nan
4269.600000 1.006997 nan
4270.400000 1.011981 nan
4271.200000 1.015063 nan
4272.000000 1.013740 nan
4272.800000 1.016157 nan
4273.600000 1.027819 nan
4274.400000 1.018938 nan
4275.200000 1.012433 nan
4276.000000 1.014121 nan
4276.800000 1.030431 nan
4277.600000 1.054739 nan
4278.400000 1.036442 nan
4279.200000 1.017535 nan
4280.000000 1.020727 nan
4280.800000 1.023871 nan
4281.600000 1.017460 nan
4282.400000 1.020565 nan
4283.200000 1.012820 nan
4284.000000 1.009691 nan
4284.800000 1.021453 nan
4285.600000 1.032478 nan
4286.400000 1.017286 nan
4287.200000 1.020620 nan
4288.000000 0.998858 nan
4288.800000 1.003749 nan
4289.600000 1.015218 nan
4290.400000 1.006043 nan
4291.200000 1.028335 nan
4292.000000 1.023842 nan
4292.800000 1.028857 nan
4293.600000 1.040192 nan
4294.400000 1.038116 nan
4295.200000 1.015264 nan
4296.000000 1.024924 nan
4296.800000 1.036064 nan
4297.600000 1.030098 nan
4298.400000 1.017999 nan
4299.200000 1.024391 nan
4300.000000 1.024400 nan
4300.800000 1.033306 nan
4301.600000 1.023811 nan
4302.400000 1.014110 nan
4303.200000 1.031289 nan
4304.000000 1.036002 nan
4304.800000 1.046879 nan
4305.600000 1.027369 nan
4306.400000 1.021218 nan
4307.200000 1.048039 nan
4308.000000 1.035247 nan
4308.800000 1.024928 nan
4309.600000 1.024749 nan
4310.400000 1.041529 nan
4311.200000 1.046423 nan
4312.000000 0.996860 nan
4312.800000 1.033475 nan
4313.600000 1.065570 nan
4314.400000 1.061312 nan
4315.200000 1.041664 nan
4316.000000 1.036751 nan
4316.800000 1.032731 nan
4317.600000 1.036616 nan
4318.400000 1.052556 nan
4319.200000 1.060196 nan
4320.000000 1.049593 nan
4320.800000 1.060867 nan
4321.600000 1.043237 nan
4322.400000 1.041851 nan
4323.200000 1.049033 nan
4324.000000 1.047028 nan
4324.800000 1.034126 nan
4325.600000 1.046278 nan
4326.400000 1.056139 nan
4327.200000 1.051979 nan
4328.000000 1.048138 nan
4328.800000 1.061297 nan
4329.600000 1.053134 nan
4330.400000 1.059169 nan
4331.200000 1.072377 nan
4332.000000 1.079790 nan
4332.800000 1.065055 nan
4333.600000 1.030199 nan
4334.400000 1.036828 nan
4335.200000 1.038015 nan
4336.000000 1.040577 nan
4336.800000 1.047048 nan
4337.600000 1.032302 nan
4338.400000 1.066366 nan
4339.200000 1.084299 nan
4340.000000 1.077666 nan
4340.800000 1.062172 nan
4341.600000 1.053483 nan
4342.400000 1.066918 nan
4343.200000 1.052462 nan
4344.000000 1.045936 nan
4344.800000 1.041629 nan
4345.600000 1.027193 nan
4346.400000 1.042019 nan
4347.200000 1.038277 nan
4348.000000 1.050688 nan
4348.800000 1.057007 nan
4349.600000 1.041203 nan
4350.400000 1.047902 nan
4351.200000 1.049759 nan
4352.000000 1.036681 nan
4352.800000 1.026145 nan
4353.600000 1.023633 nan
4354.400000 1.027521 nan
4355.200000 1.050318 nan
4356.000000 1.054738 nan
4356.800000 1.032387 nan
4357.600000 1.019100 nan
4358.400000 1.042426 nan
4359.200000 1.056904 nan
4360.000000 1.040214 nan
4360.800000 1.033577 nan
4361.600000 1.034110 nan
4362.400000 1.029682 nan
4363.200000 1.032674 nan
4364.000000 1.044583 nan
4364.800000 1.052469 nan
4365.600000 1.046735 nan
4366.400000 1.036175 nan
4367.200000 1.044833 nan
4368.000000 1.046831 nan
4368.800000 1.045596 nan
4369.600000 1.044260 nan
4370.400000 1.040479 nan
4371.200000 1.032276 nan
4372.000000 1.034022 nan
4372.800000 1.039593 nan
4373.600000 1.049928 nan
4374.400000 1.052547 nan
4375.200000 1.039037 nan
4376.000000 1.038699 nan
4376.800000 1.042087 nan
4377.600000 1.031403 nan
4378.400000 1.024915 nan
4379.200000 1.032603 nan
4380.000000 1.034923 nan
4380.800000 1.059895 nan
4381.600000 1.074988 nan
4382.400000 1.060615 nan
4383.200000 1.036440 nan
4384.000000 1.035569 nan
4384.800000 1.038172 nan
4385.600000 1.028906 nan
4386.400000 1.033208 nan
4387.200000 1.037058 nan
4388.000000 1.025117 nan
4388.800000 1.044538 nan
4389.600000 1.046904 nan
4390.400000 1.038455 nan
4391.200000 1.030367 nan
4392.000000 1.031817 nan
4392.800000 1.041672 nan
4393.600000 1.053956 nan
4394.400000 1.043433 nan
4395.200000 1.035457 nan
4396.000000 1.040200 nan
4396.800000 1.041448 nan
4397.600000 1.033322 nan
4398.400000 1.036343 nan
4399.200000 1.045775 nan
4400.000000 1.046178 nan
4400.800000 1.034712 nan
4401.600000 1.049114 nan
4402.400000 1.031195 nan
4403.200000 1.023484 nan
4404.000000 1.027743 nan
4404.800000 1.036001 nan
4405.600000 1.048110 nan
4406.400000 1.030996 nan
4407.200000 1.015522 nan
4408.000000 1.028029 nan
4408.800000 1.052370 nan
4409.600000 1.022808 nan
4410.400000 1.046343 nan
4411.200000 1.041911 nan
4412.000000 1.036476 nan
4412.800000 1.041836 nan
4413.600000 1.044058 nan
4414.400000 1.037421 nan
4415.200000 1.029609 nan
4416.000000 1.013045 nan
4416.800000 1.005646 nan
4417.600000 1.014269 nan
4418.400000 1.020427 nan
4419.200000 1.040608 nan
4420.000000 1.045893 nan
4420.800000 1.044570 nan
4421.600000 1.041764 nan
4422.400000 1.029339 nan
4423.200000 1.054969 nan
4424.000000 1.023770 nan
4424.800000 1.007104 nan
4425.600000 1.032356 nan
4426.400000 1.053159 nan
4427.200000 1.049042 nan
4428.000000 1.038136 nan
4428.800000 1.032901 nan
4429.600000 1.031643 nan
4430.400000 1.033038 nan
4431.200000 1.043451 nan
4432.000000 1.044489 nan
4432.800000 1.038207 nan
4433.600000 1.029074 nan
4434.400000 1.024513 nan
4435.200000 1.032672 nan
4436.000000 1.034226 nan
4436.800000 1.035323 nan
4437.600000 1.040698 nan
4438.400000 1.039719 nan
4439.200000 1.021254 nan
4440.000000 1.031295 nan
4440.800000 1.047129 nan
4441.600000 1.043214 nan
4442.400000 1.035079 nan
4443.200000 1.046629 nan
4444.000000 1.046892 nan
4444.800000 1.035780 nan
4445.600000 1.029575 nan
4446.400000 1.032114 nan
4447.200000 1.040046 nan
4448.000000 1.042032 nan
4448.800000 1.042081 nan
4449.600000 1.053269 nan
4450.400000 1.052972 nan
4451.200000 1.042547 nan
4452.000000 1.054730 nan
4452.800000 1.033804 nan
4453.600000 1.027293 nan
4454.400000 1.029009 nan
4455.200000 1.028094 nan
4456.000000 1.025133 nan
4456.800000 1.041618 nan
4457.600000 1.053741 nan
4458.400000 1.041821 nan
4459.200000 1.029768 nan
4460.000000 1.031090 nan
4460.800000 1.007001 nan
4461.600000 1.034832 nan
4462.400000 1.044246 nan
4463.200000 1.034322 nan
4464.000000 1.036019 nan
4464.800000 1.071273 nan
4465.600000 1.049768 nan
4466.400000 1.051494 nan
4467.200000 1.059084 nan
4468.000000 1.053995 nan
4468.800000 1.038923 nan
4469.600000 1.025894 nan
4470.400000 1.024863 nan
4471.200000 1.024405 nan
4472.000000 1.018120 nan
4472.800000 1.010276 nan
4473.600000 1.018103 nan
4474.400000 1.030470 nan
4475.200000 1.031217 nan
4476.000000 1.022116 nan
4476.800000 1.019039 nan
4477.600000 1.035772 nan
4478.400000 1.020247 nan
4479.200000 1.024310 nan
4480.000000 1.033755 nan
4480.800000 1.037851 nan
4481.600000 1.036983 nan
4482.400000 1.012996 nan
4483.200000 1.031071 nan
4484.000000 1.035233 nan
4484.800000 1.031401 nan
4485.600000 1.044317 nan
4486.400000 1.010521 nan
4487.200000 1.029491 nan
4488.000000 1.052770 nan
4488.800000 1.046432 nan
4489.600000 1.026587 nan
4490.400000 1.056068 nan
4491.200000 1.037934 nan
4492.000000 1.047516 nan
4492.800000 1.071587 nan
4493.600000 1.075127 nan
4494.400000 1.052029 nan
4495.200000 1.065451 nan
4496.000000 1.064009 nan
4496.800000 1.054504 nan
4497.600000 1.050928 nan
4498.400000 1.054659 nan
4499.200000 1.035745 nan
4500.000000 1.033599 nan
4500.800000 1.032247 nan
4501.600000 1.033522 nan
4502.400000 1.045345 nan
4503.200000 1.056742 nan
4504.000000 1.053085 nan
4504.800000 1.029904 nan
4505.600000 1.026917 nan
4506.400000 1.048493 nan
4507.200000 1.049736 nan
4508.000000 1.038453 nan
4508.800000 1.038104 nan
4509.600000 1.038416 nan
4510.400000 1.034336 nan
4511.200000 1.036016 nan
4512.000000 1.060198 nan
4512.800000 1.057356 nan
4513.600000 1.052144 nan
4514.400000 1.054452 nan
4515.200000 1.058816 nan
4516.000000 1.059798 nan
4516.800000 1.067630 nan
4517.600000 1.044629 nan
4518.400000 1.033081 nan
4519.200000 1.051274 nan
4520.000000 1.053150 nan
4520.800000 1.045939 nan
4521.600000 1.070335 nan
4522.400000 1.072814 nan
4523.200000 1.047143 nan
4524.000000 1.051431 nan
4524.800000 1.048589 nan
4525.600000 1.061181 nan
4526.400000 1.070905 nan
4527.200000 1.057660 nan
4528.000000 1.037616 nan
4528.800000 1.092297 nan
4529.600000 1.017649 nan
4530.400000 1.033659 nan
4531.200000 1.092612 nan
4532.000000 1.084169 nan
4532.800000 1.062958 nan
4533.600000 1.074727 nan
4534.400000 1.062455 nan
4535.200000 1.065916 nan
4536.000000 1.085495 nan
4536.800000 1.058585 nan
4537.600000 1.041306 nan
4538.400000 1.062966 nan
4539.200000 1.064470 nan
4540.000000 1.050092 nan
4540.800000 1.065664 nan
4541.600000 1.092381 nan
4542.400000 1.056245 nan
4543.200000 1.042897 nan
4544.000000 1.065724 nan
4544.800000 1.091550 nan
4545.600000 1.071005 nan
4546.400000 1.041447 nan
4547.200000 1.061801 nan
4548.000000 1.073147 nan
4548.800000 1.050837 nan
4549.600000 1.051626 nan
4550.400000 1.029466 nan
4551.200000 1.026223 nan
4552.000000 1.034055 nan
4552.800000 1.045068 nan
4553.600000 1.051968 nan
4554.400000 1.027632 nan
4555.200000 1.033348 nan
4556.000000 1.048365 nan
4556.800000 1.061616 nan
4557.600000 1.064498 nan
4558.400000 1.044723 nan
4559.200000 1.067191 nan
4560.000000 1.074761 nan
4560.800000 1.076336 nan
4561.600000 1.078030 nan
4562.400000 1.046394 nan
4563.200000 1.049159 nan
4564.000000 1.047773 nan
4564.800000 1.056169 nan
4565.600000 1.066208 nan
4566.400000 1.051871 nan
4567.200000 1.084119 nan
4568.000000 1.076882 nan
4568.800000 1.065000 nan
4569.600000 1.070132 nan
4570.400000 1.080683 nan
4571.200000 1.059993 nan
4572.000000 1.048341 nan
4572.800000 1.060138 nan
4573.600000 1.079315 nan
4574.400000 1.077628 nan
4575.200000 1.037277 nan
4576.000000 0.997620 nan
4576.800000 1.024081 nan
4577.600000 1.058253 nan
4578.400000 1.062146 nan
4579.200000 1.070842 nan
4580.000000 1.071115 nan
4580.800000 1.062556 nan
4581.600000 1.058233 nan
4582.400000 1.053506 nan
4583.200000 1.041271 nan
4584.000000 1.047896 nan
4584.800000 1.057275 nan
4585.600000 1.063780 nan
4586.400000 1.070469 nan
4587.200000 1.080816 nan
4588.000000 1.081326 nan
4588.800000 1.068973 nan
4589.600000 1.062161 nan
4590.400000 1.051968 nan
4591.200000 1.047108 nan
4592.000000 1.076107 nan
4592.800000 1.071538 nan
4593.600000 1.066423 nan
4594.400000 1.076773 nan
4595.200000 1.080231 nan
4596.000000 1.046476 nan
4596.800000 1.048707 nan
4597.600000 1.085984 nan
4598.400000 1.082076 nan
4599.200000 1.052184 nan
4600.000000 1.036459 nan
4600.800000 1.022104 nan
4601.600000 1.048508 nan
4602.400000 1.059686 nan
4603.200000 1.056992 nan
4604.000000 1.057732 nan
4604.800000 1.062307 nan
4605.600000 1.056208 nan
4606.400000 1.044989 nan
4607.200000 1.052557 nan
4608.000000 1.061979 nan
4608.800000 1.038782 nan
4609.600000 1.063572 nan
4610.400000 1.045501 nan
4611.200000 1.038845 nan
4612.000000 1.042481 nan
4612.800000 1.032083 nan
4613.600000 1.039315 nan
4614.400000 1.028499 nan
4615.200000 1.025051 nan
4616.000000 1.030610 nan
4616.800000 1.035481 nan
4617.600000 1.031802 nan
4618.400000 1.022432 nan
4619.200000 1.023103 nan
4620.000000 1.021971 nan
4620.800000 1.015415 nan
4621.600000 1.019773 nan
4622.400000 1.052756 nan
4623.200000 1.059942 nan
4624.000000 1.047886 nan
4624.800000 1.041809 nan
4625.600000 1.044357 nan
4626.400000 1.026829 nan
4627.200000 1.052089 nan
4628.000000 1.037587 nan
4628.800000 1.016822 nan
4629.600000 1.036042 nan
4630.400000 1.031701 nan
4631.200000 1.008239 nan
4632.000000 1.023306 nan
4632.800000 1.023952 nan
4633.600000 1.001252 nan
4634.400000 1.026996 nan
4635.200000 1.046654 nan
4636.000000 1.009894 nan
4636.800000 0.990085 nan
4637.600000 1.007813 nan
4638.400000 1.039894 nan
4639.200000 1.048873 nan
4640.000000 1.048467 nan
4640.800000 1.036641 nan
4641.600000 1.023624 nan
4642.400000 1.026265 nan
4643.200000 1.042750 nan
4644.000000 1.035636 nan
4644.800000 1.024963 nan
4645.600000 1.017669 nan
4646.400000 1.011388 nan
4647.200000 1.007156 nan
4648.000000 1.013459 nan
4648.800000 0.999468 nan
4649.600000 1.011111 nan
4650.400000 1.035051 nan
4651.200000 1.009486 nan
4652.000000 1.026376 nan
4652.800000 1.005905 nan
4653.600000 1.004348 nan
4654.400000 1.019419 nan
4655.200000 1.021873 nan
4656.000000 1.035000 nan
4656.800000 1.042149 nan
4657.600000 1.035496 nan
4658.400000 1.026069 nan
4659.200000 1.010565 nan
4660.000000 0.964325 nan
4660.800000 1.033924 nan
4661.600000 1.029006 nan
4662.400000 1.012035 nan
4663.200000 1.022541 nan
4664.000000 1.019775 nan
4664.800000 1.021761 nan
4665.600000 1.024868 nan
4666.400000 1.009433 nan
4667.200000 1.001295 nan
4668.000000 1.032896 nan
4668.800000 1.047765 nan
4669.600000 1.032154 nan
4670.400000 1.007352 nan
4671.200000 1.005607 nan
4672.000000 1.020426 nan
4672.800000 0.985264 nan
4673.600000 0.983832 nan
4674.400000 0.990134 nan
4675.200000 0.999668 nan
4676.000000 1.013295 nan
4676.800000 1.026242 nan
4677.600000 0.986112 nan
4678.400000 1.008317 nan
4679.200000 1.027889 nan
4680.000000 1.014708 nan
4680.800000 1.000868 nan
4681.600000 1.013250 nan
4682.400000 1.004031 nan
4683.200000 1.004616 nan
4684.000000 1.016795 nan
4684.800000 1.020858 nan
4685.600000 1.006064 nan
4686.400000 1.009877 nan
4687.200000 1.008206 nan
4688.000000 1.000795 nan
4688.800000 0.992481 nan
4689.600000 0.987833 nan
4690.400000 1.006692 nan
4691.200000 1.012573 nan
4692.000000 1.014954 nan
4692.800000 1.017717 nan
4693.600000 1.016054 nan
4694.400000 1.040170 nan
4695.200000 1.048572 nan
4696.000000 1.046617 nan
4696.800000 1.042274 nan
4697.600000 1.032027 nan
4698.400000 1.004136 nan
4699.200000 1.027970 nan
4700.000000 1.021509 nan
4700.800000 1.017336 nan
4701.600000 1.034188 nan
4702.400000 0.997494 nan
4703.200000 1.002567 nan
4704.000000 1.021865 nan
4704.800000 1.019086 nan
4705.600000 1.001741 nan
4706.400000 1.010101 nan
4707.200000 0.999959 nan
4708.000000 0.996415 nan
4708.800000 1.022136 nan
4709.600000 1.040365 nan
4710.400000 1.014933 nan
4711.200000 1.011274 nan
4712.000000 1.008438 nan
4712.800000 0.987463 nan
4713.600000 0.976855 nan
4714.400000 0.997382 nan
4715.200000 1.011265 nan
4716.000000 1.012072 nan
4716.800000 1.011200 nan
4717.600000 1.014994 nan
4718.400000 1.017659 nan
4719.200000 1.007261 nan
4720.000000 1.010058 nan
4720.800000 1.006340 nan
4721.600000 1.001268 nan
4722.400000 1.004077 nan
4723.200000 1.013999 nan
4724.000000 1.003538 nan
4724.800000 1.011361 nan
4725.600000 1.003935 nan
4726.400000 0.999982 nan
4727.200000 1.015728 nan
4728.000000 0.993502 nan
4728.800000 0.992944 nan
4729.600000 0.988721 nan
4730.400000 0.994313 nan
4731.200000 1.001753 nan
4732.000000 0.964545 nan
4732.800000 0.964422 nan
4733.600000 0.984775 nan
4734.400000 0.990195 nan
4735.200000 0.987118 nan
4736.000000 1.005784 nan
4736.800000 1.016776 nan
4737.600000 1.016459 nan
4738.400000 1.006075 nan
4739.200000 1.000573 nan
4740.000000 1.007220 nan
4740.800000 1.005879 nan
4741.600000 1.007420 nan
4742.400000 0.999141 nan
4743.200000 0.991672 nan
4744.000000 0.998288 nan
4744.800000 1.011444 nan
4745.600000 0.987652 nan
4746.400000 0.980558 nan
4747.200000 0.996409 nan
4748.000000 1.014749 nan
4748.800000 1.006975 nan
4749.600000 1.025478 nan
4750.400000 1.016123 nan
4751.200000 1.000632 nan
4752.000000 0.996022 nan
4752.800000 0.998358 nan
4753.600000 0.979993 nan
4754.400000 0.986751 nan
4755.200000 1.001387 nan
4756.000000 1.010451 nan
4756.800000 1.008260 nan
4757.600000 0.991056 nan
4758.400000 0.946226 nan
4759.200000 0.961776 nan
4760.000000 0.988711 nan
4760.800000 0.989625 nan
4761.600000 0.991054 nan
4762.400000 0.996819 nan
4763.200000 0.997548 nan
4764.000000 0.997262 nan
4764.800000 0.991106 nan
4765.600000 0.979002 nan
4766.400000 1.000981 nan
4767.200000 1.000724 nan
4768.000000 1.000245 nan
4768.800000 0.998216 nan
4769.600000 0.993528 nan
4770.400000 1.013119 nan
4771.200000 0.990458 nan
4772.000000 0.993673 nan
4772.800000 1.001516 nan
4773.600000 0.997381 nan
4774.400000 1.007988 nan
4775.200000 1.002119 nan
4776.000000 1.011400 nan
4776.800000 1.013654 nan
4777.600000 1.006861 nan
4778.400000 1.014544 nan
4779.200000 1.039931 nan
4780.000000 1.008798 nan
4780.800000 1.000813 nan
4781.600000 1.016433 nan
4782.400000 1.018146 nan
4783.200000 1.011502 nan
4784.000000 0.995458 nan
4784.800000 0.996130 nan
4785.600000 1.007555 nan
4786.400000 1.012734 nan
4787.200000 0.998657 nan
4788.000000 1.004560 nan
4788.800000 1.008053 nan
4789.600000 0.999722 nan
4790.400000 0.989957 nan
4791.200000 0.997060 nan
4792.000000 0.996876 nan
4792.800000 1.011064 nan
4793.600000 0.996029 nan
4794.400000 0.974057 nan
4795.200000 0.987261 nan
4796.000000 0.989729 nan
4796.800000 1.001946 nan
4797.600000 1.000063 nan
4798.400000 0.991581 nan
4799.200000 0.987296 nan
4800.000000 0.980926 nan
4800.800000 0.994735 nan
4801.600000 1.001908 nan
4802.400000 0.999892 nan
4803.200000 0.992093 nan
4804.000000 0.982876 nan
4804.800000 0.994918 nan
4805.600000 0.994528 nan
4806.400000 0.988482 nan
4807.200000 0.986037 nan
4808.000000 0.990204 nan
4808.800000 0.995200 nan
4809.600000 0.985580 nan
4810.400000 0.976789 nan
4811.200000 0.981972 nan
4812.000000 0.997347 nan
4812.800000 0.991392 nan
4813.600000 1.017114 nan
4814.400000 1.017670 nan
4815.200000 1.002762 nan
4816.000000 0.991623 nan
4816.800000 0.983314 nan
4817.600000 0.992495 nan
4818.400000 0.980309 nan
4819.200000 0.988567 nan
4820.000000 1.008123 nan
4820.800000 0.987787 nan
4821.600000 0.984833 nan
4822.400000 0.989336 nan
4823.200000 0.985028 nan
4824.000000 0.985399 nan
4824.800000 1.001032 nan
4825.600000 0.992918 nan
4826.400000 0.994013 nan
4827.200000 0.995514 nan
4828.000000 0.994075 nan
4828.800000 0.988853 nan
4829.600000 0.981899 nan
4830.400000 0.995460 nan
4831.200000 0.994966 nan
4832.000000 0.989596 nan
4832.800000 0.992657 nan
4833.600000 1.003548 nan
4834.400000 0.992707 nan
4835.200000 0.991327 nan
4836.000000 0.998030 nan
4836.800000 0.999263 nan
4837.600000 0.987205 nan
4838.400000 0.989454 nan
4839.200000 0.993738 nan
4840.000000 0.998440 nan
4840.800000 0.997198 nan
4841.600000 0.987623 nan
4842.400000 0.978736 nan
4843.200000 0.979394 nan
4844.000000 0.983131 nan
4844.800000 0.985647 nan
4845.600000 0.989611 nan
4846.400000 0.999609 nan
4847.200000 0.996490 nan
4848.000000 0.982301 nan
4848.800000 0.984684 nan
4849.600000 0.996359 nan
4850.400000 0.991567 nan
4851.200000 0.981055 nan
4852.000000 0.978531 nan
4852.800000 0.978416 nan
4853.600000 0.981749 nan
4854.400000 0.990339 nan
4855.200000 0.996272 nan
4856.000000 0.996020 nan
4856.800000 0.985001 nan
4857.600000 0.977235 nan
4858.400000 0.978641 nan
4859.200000 0.978733 nan
4860.000000 0.980722 nan
4860.800000 0.981142 nan
4861.600000 0.983658 nan
4862.400000 0.984147 nan
4863.200000 0.977355 nan
4864.000000 0.984640 nan
4864.800000 0.994937 nan
4865.600000 0.986434 nan
4866.400000 0.974122 nan
4867.200000 0.977393 nan
4868.000000 0.973110 nan
4868.800000 0.972113 nan
4869.600000 0.973595 nan
4870.400000 0.976554 nan
4871.200000 0.977551 nan
4872.000000 0.970097 nan
4872.800000 0.962564 nan
4873.600000 0.966432 nan
4874.400000 0.970649 nan
4875.200000 0.970022 nan
4876.000000 0.970141 nan
4876.800000 0.973269 nan
4877.600000 0.980780 nan
4878.400000 0.986193 nan
4879.200000 0.981661 nan
4880.000000 0.969335 nan
4880.800000 0.977106 nan
4881.600000 0.978809 nan
4882.400000 0.980805 nan
4883.200000 0.979449 nan
4884.000000 0.973651 nan
4884.800000 0.975341 nan
4885.600000 0.972305 nan
4886.400000 0.978091 nan
4887.200000 0.982006 nan
4888.000000 0.982678 nan
4888.800000 0.992478 nan
4889.600000 0.991006 nan
4890.400000 0.987321 nan
4891.200000 0.983359 nan
4892.000000 0.982718 nan
4892.800000 0.987288 nan
4893.600000 0.985280 nan
4894.400000 0.976870 nan
4895.200000 0.977071 nan
4896.000000 0.983394 nan
4896.800000 0.988507 nan
4897.600000 0.992553 nan
4898.400000 1.002396 nan
4899.200000 1.000290 nan
4900.000000 0.989953 nan
4900.800000 0.982414 nan
4901.600000 0.985277 nan
4902.400000 0.986940 nan
4903.200000 0.986785 nan
4904.000000 0.986042 nan
4904.800000 0.985697 nan
4905.600000 0.986233 nan
4906.400000 0.987391 nan
4907.200000 0.989324 nan
4908.000000 0.994766 nan
4908.800000 0.998539 nan
4909.600000 0.994093 nan
4910.400000 0.983522 nan
4911.200000 0.974352 nan
4912.000000 0.968481 nan
4912.800000 0.970564 nan
4913.600000 0.975001 nan
4914.400000 0.963480 nan
4915.200000 0.965972 nan
4916.000000 0.970320 nan
4916.800000 0.977542 nan
4917.600000 0.984853 nan
4918.400000 0.984750 nan
4919.200000 0.986124 nan
4920.000000 0.985189 nan
4920.800000 0.989999 nan
4921.600000 0.998413 nan
4922.400000 1.004856 nan
4923.200000 1.018464 nan
4924.000000 1.035702 nan
4924.800000 1.042746 nan
4925.600000 1.044644 nan
4926.400000 1.048750 nan
4927.200000 1.052215 nan
4928.000000 1.053069 nan
4928.800000 1.059272 nan
4929.600000 1.068203 nan
4930.400000 1.071403 nan
4931.200000 1.066971 nan
4932.000000 1.098797 nan
4932.800000 1.091555 nan
4933.600000 1.076569 nan
4934.400000 1.072390 nan
4935.200000 1.076540 nan
4936.000000 1.083011 nan
4936.800000 1.102797 nan
4937.600000 1.122302 nan
4938.400000 1.129198 nan
4939.200000 1.120347 nan
4940.000000 1.110292 nan
4940.800000 1.118153 nan
4941.600000 1.153960 nan
4942.400000 1.200434 nan
4943.200000 1.228912 nan
4944.000000 1.224927 nan
4944.800000 1.249494 nan
4945.600000 1.268638 nan
4946.400000 1.261171 nan
4947.200000 1.224719 nan
4948.000000 1.182091 nan
4948.800000 1.172787 nan
4949.600000 1.170211 nan
4950.400000 1.165164 nan
4951.200000 1.156321 nan
4952.000000 1.143923 nan
4952.800000 1.125964 nan
4953.600000 1.116608 nan
4954.400000 1.104117 nan
4955.200000 1.096771 nan
4956.000000 1.097394 nan
4956.800000 1.090492 nan
4957.600000 1.082830 nan
4958.400000 1.078462 nan
4959.200000 1.073860 nan
4960.000000 1.065517 nan
4960.800000 1.054594 nan
4961.600000 1.054042 nan
4962.400000 1.061374 nan
4963.200000 1.059407 nan
4964.000000 1.047880 nan
4964.800000 1.038288 nan
4965.600000 1.038887 nan
4966.400000 1.036762 nan
4967.200000 1.036062 nan
4968.000000 1.034237 nan
4968.800000 1.028248 nan
4969.600000 1.021474 nan
4970.400000 1.020929 nan
4971.200000 1.016774 nan
4972.000000 1.015784 nan
4972.800000 1.016694 nan
4973.600000 1.008257 nan
4974.400000 1.004665 nan
4975.200000 1.001263 nan
4976.000000 0.997818 nan
4976.800000 0.994809 nan
4977.600000 0.991737 nan
4978.400000 0.985388 nan
4979.200000 0.979829 nan
4980.000000 0.982631 nan
4980.800000 0.985674 nan
4981.600000 0.982850 nan
4982.400000 0.985926 nan
4983.200000 0.982588 nan
4984.000000 0.978885 nan
4984.800000 0.974584 nan
4985.600000 0.970558 nan
4986.400000 0.971797 nan
4987.200000 0.976994 nan
4988.000000 0.975153 nan
4988.800000 0.973442 nan
4989.600000 0.974869 nan
4990.400000 0.976617 nan
4991.200000 0.977565 nan
4992.000000 0.977127 nan
4992.800000 0.975164 nan
4993.600000 0.975195 nan
4994.400000 0.978376 nan
4995.200000 0.976269 nan
4996.000000 0.974530 nan
4996.800000 0.977009 nan
4997.600000 0.982518 nan
4998.400000 0.985518 nan
4999.200000 0.978548 nan
5000.000000 0.977536 nan
5000.800000 0.981918 nan
5001.600000 0.981163 nan
5002.400000 0.975439 nan
5003.200000 0.974403 nan
5004.000000 0.976108 nan
5004.800000 0.978879 nan
5005.600000 0.981783 nan
5006.400000 0.983254 nan
5007.200000 0.983769 nan
5008.000000 0.990286 nan
5008.800000 0.994526 nan
5009.600000 0.997454 nan
5010.400000 0.999265 nan
5011.200000 0.996944 nan
5012.000000 0.987315 nan
5012.800000 0.993799 nan
5013.600000 0.994069 nan
5014.400000 0.996393 nan
5015.200000 1.002677 nan
5016.000000 1.001725 nan
5016.800000 1.000951 nan
5017.600000 0.995347 nan
5018.400000 0.991027 nan
5019.200000 0.992390 nan
5020.000000 0.998804 nan
5020.800000 1.000049 nan
5021.600000 1.002790 nan
5022.400000 1.003343 nan
5023.200000 1.002364 nan
5024.000000 1.003444 nan
5024.800000 1.009086 nan
5025.600000 1.006671 nan
5026.400000 1.005508 nan
5027.200000 1.007121 nan
5028.000000 1.008316 nan
5028.800000 1.006090 nan
5029.600000 1.011280 nan
5030.400000 1.011538 nan
5031.200000 1.008914 nan
5032.000000 1.010397 nan
5032.800000 1.018096 nan
5033.600000 1.012887 nan
5034.400000 1.004991 nan
5035.200000 1.006192 nan
5036.000000 1.009161 nan
5036.800000 1.003525 nan
5037.600000 0.995445 nan
5038.400000 0.998970 nan
5039.200000 1.002010 nan
5040.000000 1.001201 nan
5040.800000 0.999639 nan
5041.600000 1.003054 nan
5042.400000 1.004932 nan
5043.200000 1.004733 nan
5044.000000 1.003299 nan
5044.800000 1.001740 nan
5045.600000 0.999752 nan
5046.400000 0.991932 nan
5047.200000 0.993285 nan
5048.000000 0.997866 nan
5048.800000 0.999351 nan
5049.600000 0.997221 nan
5050.400000 1.001124 nan
5051.200000 1.001350 nan
5052.000000 1.001271 nan
5052.800000 1.000546 nan
5053.600000 0.999036 nan
5054.400000 0.999381 nan
5055.200000 0.996949 nan
5056.000000 0.999591 nan
5056.800000 1.001263 nan
5057.600000 0.998941 nan
5058.400000 0.996639 nan
5059.200000 0.995012 nan
5060.000000 0.989652 nan
5060.800000 0.986987 nan
5061.600000 0.986476 nan
5062.400000 0.983198 nan
5063.200000 0.978242 nan
5064.000000 0.981746 nan
5064.800000 0.981555 nan
5065.600000 0.979976 nan
5066.400000 0.981865 nan
5067.200000 0.982289 nan
5068.000000 0.979668 nan
5068.800000 0.975933 nan
5069.600000 0.972414 nan
5070.400000 0.971135 nan
5071.200000 0.973483 nan
5072.000000 0.970918 nan
5072.800000 0.965298 nan
5073.600000 0.963323 nan
5074.400000 0.965289 nan
5075.200000 0.967595 nan
5076.000000 0.969635 nan
5076.800000 0.963478 nan
5077.600000 0.963360 nan
5078.400000 0.966082 nan
5079.200000 0.965702 nan
5080.000000 0.971096 nan
5080.800000 0.970947 nan
5081.600000 0.967332 nan
5082.400000 0.967950 nan
5083.200000 0.972164 nan
5084.000000 0.968227 nan
5084.800000 0.967193 nan
5085.600000 0.966058 nan
5086.400000 0.962145 nan
5087.200000 0.959975 nan
5088.000000 0.964867 nan
5088.800000 0.961323 nan
5089.600000 0.959742 nan
5090.400000 0.954898 nan
5091.200000 0.956140 nan
5092.000000 0.969408 nan
5092.800000 0.967821 nan
5093.600000 0.965969 nan
5094.400000 0.962146 nan
5095.200000 0.963981 nan
5096.000000 0.972251 nan
5096.800000 0.971144 nan
5097.600000 0.965819 nan
5098.400000 0.965216 nan
5099.200000 0.968183 nan
5100.000000 0.971628 nan
5100.800000 0.971582 nan
5101.600000 0.965324 nan
5102.400000 0.969708 nan
5103.200000 0.973795 nan
5104.000000 0.976889 nan
5104.800000 0.981199 nan
5105.600000 0.974574 nan
5106.400000 0.981891 nan
5107.200000 0.979168 nan
5108.000000 0.973290 nan
5108.800000 0.975279 nan
5109.600000 0.976093 nan
5110.400000 0.979664 nan
5111.200000 0.981733 nan
5112.000000 0.982605 nan
5112.800000 0.981759 nan
5113.600000 0.977657 nan
5114.400000 0.979391 nan
5115.200000 0.978773 nan
5116.000000 0.981543 nan
5116.800000 0.986083 nan
5117.600000 0.987794 nan
5118.400000 0.990984 nan
5119.200000 0.989711 nan
5120.000000 0.984106 nan
5120.800000 0.983154 nan
5121.600000 0.990279 nan
5122.400000 0.988310 nan
5123.200000 0.984071 nan
5124.000000 0.998499 nan
5124.800000 1.011027 nan
5125.600000 1.005687 nan
5126.400000 0.995388 nan
5127.200000 0.990403 nan
5128.000000 0.996096 nan
5128.800000 1.004220 nan
5129.600000 1.003572 nan
5130.400000 0.992149 nan
5131.200000 1.003212 nan
5132.000000 0.992107 nan
5132.800000 1.000983 nan
5133.600000 1.018715 nan
5134.400000 1.012025 nan
5135.200000 0.998255 nan
5136.000000 1.010787 nan
5136.800000 1.010390 nan
5137.600000 1.008306 nan
5138.400000 1.017168 nan
5139.200000 1.017539 nan
5140.000000 1.013212 nan
5140.800000 1.010185 nan
5141.600000 1.010041 nan
5142.400000 1.013291 nan
5143.200000 1.020357 nan
5144.000000 1.029526 nan
5144.800000 1.018167 nan
5145.600000 1.018891 nan
5146.400000 1.026810 nan
5147.200000 1.021623 nan
5148.000000 1.020208 nan
5148.800000 1.019924 nan
5149.600000 1.010610 nan
5150.400000 1.007689 nan
5151.200000 1.022269 nan
5152.000000 1.033725 nan
5152.800000 1.020407 nan
5153.600000 1.021341 nan
5154.400000 1.024735 nan
5155.200000 1.017488 nan
5156.000000 1.006045 nan
5156.800000 1.003355 nan
5157.600000 0.998175 nan
5158.400000 1.005405 nan
5159.200000 1.018827 nan
5160.000000 1.018586 nan
5160.800000 1.011414 nan
5161.600000 1.015473 nan
5162.400000 1.016672 nan
5163.200000 1.010221 nan
5164.000000 1.002672 nan
5164.800000 1.007056 nan
5165.600000 0.997724 nan
5166.400000 1.006655 nan
5167.200000 1.005970 nan
5168.000000 0.989606 nan
5168.800000 0.998577 nan
5169.600000 0.998043 nan
5170.400000 0.994008 nan
5171.200000 0.997377 nan
5172.000000 0.999577 nan
5172.800000 0.988297 nan
5173.600000 1.000304 nan
5174.400000 0.998429 nan
5175.200000 1.000407 nan
5176.000000 0.994918 nan
5176.800000 0.976713 nan
5177.600000 0.998469 nan
5178.400000 0.990158 nan
5179.200000 0.987455 nan
5180.000000 0.982923 nan
5180.800000 0.973677 nan
5181.600000 0.985368 nan
5182.400000 0.979932 nan
5183.200000 0.983399 nan
5184.000000 0.981599 nan
5184.800000 0.969222 nan
5185.600000 0.962128 nan
5186.400000 0.968700 nan
5187.200000 0.975990 nan
5188.000000 0.971317 nan
5188.800000 0.964922 nan
5189.600000 0.968773 nan
5190.400000 0.969670 nan
5191.200000 0.967150 nan
5192.000000 0.963620 nan
5192.800000 0.960906 nan
5193.600000 0.959116 nan
5194.400000 0.956576 nan
5195.200000 0.954658 nan
5196.000000 0.959925 nan
5196.800000 0.967102 nan
5197.600000 0.967038 nan
5198.400000 0.956422 nan
5199.200000 0.969156 nan
5200.000000 0.975387 nan
5200.800000 0.971395 nan
5201.600000 0.968399 nan
5202.400000 0.972922 nan
5203.200000 0.957149 nan
5204.000000 0.968240 nan
5204.800000 0.962148 nan
5205.600000 0.945466 nan
5206.400000 0.945304 nan
5207.200000 0.965156 nan
5208.000000 0.983678 nan
5208.800000 0.964696 nan
5209.600000 0.957043 nan
5210.400000 0.975599 nan
5211.200000 0.969490 nan
5212.000000 0.977962 nan
5212.800000 0.971440 nan
5213.600000 0.962487 nan
5214.400000 0.962199 nan
5215.200000 0.969216 nan
5216.000000 0.966360 nan
5216.800000 0.968370 nan
5217.600000 0.970262 nan
5218.400000 0.973800 nan
5219.200000 0.978521 nan
5220.000000 0.967984 nan
5220.800000 0.968107 nan
5221.600000 0.977384 nan
5222.400000 0.982365 nan
5223.200000 0.976730 nan
5224.000000 0.972219 nan
5224.800000 0.977055 nan
5225.600000 0.970274 nan
5226.400000 0.966333 nan
5227.200000 0.963946 nan
5228.000000 0.955017 nan
5228.800000 0.992515 nan
5229.600000 0.965519 nan
5230.400000 0.964799 nan
5231.200000 0.981028 nan
5232.000000 0.966245 nan
5232.800000 0.989195 nan
5233.600000 0.981971 nan
5234.400000 0.976292 nan
5235.200000 0.975527 nan
5236.000000 0.969110 nan
5236.800000 0.957718 nan
5237.600000 0.986210 nan
5238.400000 0.989294 nan
5239.200000 0.982758 nan
5240.000000 0.982120 nan
5240.800000 0.977560 nan
5241.600000 0.969223 nan
5242.400000 0.970441 nan
5243.200000 0.984989 nan
5244.000000 0.996671 nan
5244.800000 0.992091 nan
5245.600000 0.999427 nan
5246.400000 0.988855 nan
5247.200000 0.995768 nan
5248.000000 1.003320 nan
5248.800000 0.992929 nan
5249.600000 0.993057 nan
5250.400000 0.975227 nan
5251.200000 0.984308 nan
5252.000000 0.995663 nan
5252.800000 0.987875 nan
5253.600000 0.977143 nan
5254.400000 0.993554 nan
5255.200000 0.987707 nan
5256.000000 0.986585 nan
5256.800000 0.991455 nan
5257.600000 0.982824 nan
5258.400000 0.996294 nan
5259.200000 0.985543 nan
5260.000000 0.990828 nan
5260.800000 1.002432 nan
5261.600000 0.994906 nan
5262.400000 0.991747 nan
5263.200000 0.990758 nan
5264.000000 0.988492 nan
5264.800000 0.992604 nan
5265.600000 1.002930 nan
5266.400000 1.001058 nan
5267.200000 1.001722 nan
5268.000000 1.000989 nan
5268.800000 1.002939 nan
5269.600000 1.008904 nan
5270.400000 1.011612 nan
5271.200000 0.992876 nan
5272.000000 0.997279 nan
5272.800000 0.996978 nan
5273.600000 1.001997 nan
5274.400000 1.024179 nan
5275.200000 1.002914 nan
5276.000000 1.017464 nan
5276.800000 1.019127 nan
5277.600000 1.012330 nan
5278.400000 1.010588 nan
5279.200000 1.005162 nan
5280.000000 1.014081 nan
5280.800000 1.010181 nan
5281.600000 1.009354 nan
5282.400000 1.017415 nan
5283.200000 1.020189 nan
5284.000000 1.029479 nan
5284.800000 1.037551 nan
5285.600000 1.026702 nan
5286.400000 1.013370 nan
5287.200000 1.021332 nan
5288.000000 1.022988 nan
5288.800000 1.022973 nan
5289.600000 1.032973 nan
5290.400000 1.037010 nan
5291.200000 1.025692 nan
5292.000000 1.029382 nan
5292.800000 1.048516 nan
5293.600000 1.038440 nan
5294.400000 1.030165 nan
5295.200000 1.033834 nan
5296.000000 1.019135 nan
5296.800000 1.035884 nan
5297.600000 1.035078 nan
5298.400000 1.028096 nan
5299.200000 1.032261 nan
5300.000000 1.051232 nan
5300.800000 1.053406 nan
5301.600000 1.045341 nan
5302.400000 1.043558 nan
5303.200000 1.047476 nan
5304.000000 1.049958 nan
5304.800000 1.049615 nan
5305.600000 1.042616 nan
5306.400000 1.039697 nan
5307.200000 1.039506 nan
5308.000000 1.038618 nan
5308.800000 1.037475 nan
5309.600000 1.039980 nan
5310.400000 1.040587 nan
5311.200000 1.049311 nan
5312.000000 1.057870 nan
5312.800000 1.050709 nan
5313.600000 1.069432 nan
5314.400000 1.059641 nan
5315.200000 1.061760 nan
5316.000000 1.073181 nan
5316.800000 1.067625 nan
5317.600000 1.052834 nan
5318.400000 1.055580 nan
5319.200000 1.050610 nan
5320.000000 1.049389 nan
5320.800000 1.060521 nan
5321.600000 1.060835 nan
5322.400000 1.053263 nan
5323.200000 1.050855 nan
5324.000000 1.058143 nan
5324.800000 1.063333 nan
5325.600000 1.047395 nan
5326.400000 1.045682 nan
5327.200000 1.038912 nan
5328.000000 1.041631 nan
5328.800000 1.045219 nan
5329.600000 1.033396 nan
5330.400000 1.031523 nan
5331.200000 1.040426 nan
5332.000000 1.042307 nan
5332.800000 1.039804 nan
5333.600000 1.037434 nan
5334.400000 1.027469 nan
5335.200000 1.021929 nan
5336.000000 1.021521 nan
5336.800000 1.017382 nan
5337.600000 1.008987 nan
5338.400000 1.006734 nan
5339.200000 1.003907 nan
5340.000000 1.014280 nan
5340.800000 1.018387 nan
5341.600000 1.013011 nan
5342.400000 1.012008 nan
5343.200000 1.023886 nan
5344.000000 1.006788 nan
5344.800000 1.005532 nan
5345.600000 1.016075 nan
5346.400000 1.016149 nan
5347.200000 1.010222 nan
5348.000000 1.010098 nan
5348.800000 1.002001 nan
5349.600000 0.997732 nan
5350.400000 1.004842 nan
5351.200000 1.009980 nan
5352.000000 1.012824 nan
5352.800000 1.006701 nan
5353.600000 1.001164 nan
5354.400000 0.998994 nan
5355.200000 0.991822 nan
5356.000000 0.970085 nan
5356.800000 0.980051 nan
5357.600000 0.997633 nan
5358.400000 0.998428 nan
5359.200000 0.983685 nan
5360.000000 1.004163 nan
5360.800000 0.993722 nan
5361.600000 0.994972 nan
5362.400000 0.990015 nan
5363.200000 0.974075 nan
5364.000000 0.995414 nan
5364.800000 0.977954 nan
5365.600000 0.977805 nan
5366.400000 0.987235 nan
5367.200000 0.989101 nan
5368.000000 0.978801 nan
5368.800000 0.972531 nan
5369.600000 0.974243 nan
5370.400000 0.980491 nan
5371.200000 0.981699 nan
5372.000000 0.973838 nan
5372.800000 0.979537 nan
5373.600000 0.972844 nan
5374.400000 0.966234 nan
5375.200000 0.968638 nan
5376.000000 0.975763 nan
5376.800000 0.967512 nan
5377.600000 0.985139 nan
5378.400000 0.979574 nan
5379.200000 0.973905 nan
5380.000000 0.983082 nan
5380.800000 0.986543 nan
5381.600000 0.981824 nan
5382.400000 0.976494 nan
5383.200000 0.980510 nan
5384.000000 0.987595 nan
5384.800000 0.986111 nan
5385.600000 0.986746 nan
5386.400000 0.976461 nan
5387.200000 0.981603 nan
5388.000000 0.987610 nan
5388.800000 0.982201 nan
5389.600000 0.999391 nan
5390.400000 0.988758 nan
5391.200000 0.984596 nan
5392.000000 0.982285 nan
5392.800000 0.975470 nan
5393.600000 0.972478 nan
5394.400000 0.951765 nan
5395.200000 0.972804 nan
5396.000000 0.980947 nan
5396.800000 0.967310 nan
5397.600000 0.972964 nan
5398.400000 0.981702 nan
5399.200000 0.981289 nan
5400.000000 0.982911 nan
5400.800000 0.990313 nan
5401.600000 0.997797 nan
5402.400000 0.992164 nan
5403.200000 0.996403 nan
5404.000000 0.990709 nan
5404.800000 0.981119 nan
5405.600000 0.978704 nan
5406.400000 0.985257 nan
5407.200000 1.001757 nan
5408.000000 1.006137 nan
5408.800000 1.005477 nan
5409.600000 0.997509 nan
5410.400000 0.977337 nan
5411.200000 1.003811 nan
5412.000000 1.004569 nan
5412.800000 0.985792 nan
5413.600000 0.980623 nan
5414.400000 1.004279 nan
5415.200000 1.001377 nan
5416.000000 1.016808 nan
5416.800000 1.021624 nan
5417.600000 1.011505 nan
5418.400000 1.000575 nan
5419.200000 1.007201 nan
5420.000000 1.007470 nan
5420.800000 1.008052 nan
5421.600000 1.015549 nan
5422.400000 1.016172 nan
5423.200000 0.993280 nan
5424.000000 1.031499 nan
5424.800000 1.026534 nan
5425.600000 1.019247 nan
5426.400000 1.030292 nan
5427.200000 1.040022 nan
5428.000000 1.027166 nan
5428.800000 1.014891 nan
5429.600000 1.017248 nan
5430.400000 1.022451 nan
5431.200000 1.021232 nan
5432.000000 1.028076 nan
5432.800000 1.017570 nan
5433.600000 1.036907 nan
5434.400000 1.047763 nan
5435.200000 1.031370 nan
5436.000000 1.034734 nan
5436.800000 1.038308 nan
5437.600000 1.037156 nan
5438.400000 1.041207 nan
5439.200000 1.042113 nan
5440.000000 1.025761 nan
5440.800000 1.030070 nan
5441.600000 1.031124 nan
5442.400000 1.035896 nan
5443.200000 1.043201 nan
5444.000000 1.043571 nan
5444.800000 1.032821 nan
5445.600000 1.026345 nan
5446.400000 1.034075 nan
5447.200000 1.038352 nan
5448.000000 1.032527 nan
5448.800000 1.036805 nan
5449.600000 1.025894 nan
5450.400000 1.036665 nan
5451.200000 1.041284 nan
5452.000000 1.032011 nan
5452.800000 1.032025 nan
5453.600000 1.038609 nan
5454.400000 1.031832 nan
5455.200000 1.029276 nan
5456.000000 1.032330 nan
5456.800000 1.028792 nan
5457.600000 1.013236 nan
5458.400000 1.022773 nan
5459.200000 1.028884 nan
5460.000000 1.018697 nan
5460.800000 1.007219 nan
5461.600000 1.029842 nan
5462.400000 1.005466 nan
5463.200000 1.011710 nan
5464.000000 1.018660 nan
5464.800000 1.009391 nan
5465.600000 1.016295 nan
5466.400000 1.014555 nan
5467.200000 1.027752 nan
5468.000000 1.036154 nan
5468.800000 1.031495 nan
5469.600000 1.019699 nan
5470.400000 1.013793 nan
5471.200000 1.016899 nan
5472.000000 1.016135 nan
5472.800000 1.014512 nan
5473.600000 1.016025 nan
5474.400000 1.012725 nan
5475.200000 1.027660 nan
5476.000000 1.025628 nan
5476.800000 1.018038 nan
5477.600000 1.019379 nan
5478.400000 1.024256 nan
5479.200000 1.015180 nan
5480.000000 1.014494 nan
5480.800000 1.006727 nan
5481.600000 1.002224 nan
5482.400000 1.021498 nan
5483.200000 1.006842 nan
5484.000000 1.006553 nan
5484.800000 1.008598 nan
5485.600000 1.008832 nan
5486.400000 1.009972 nan
5487.200000 1.007837 nan
5488.000000 1.001902 nan
5488.800000 1.000856 nan
5489.600000 1.005165 nan
5490.400000 1.005336 nan
5491.200000 0.989799 nan
5492.000000 1.002590 nan
5492.800000 1.009312 nan
5493.600000 1.000457 nan
5494.400000 0.992369 nan
5495.200000 1.009575 nan
5496.000000 1.024375 nan
5496.800000 1.026386 nan
5497.600000 1.015348 nan
5498.400000 1.000125 nan
5499.200000 0.990882 nan
5500.000000 0.986689 nan
5500.800000 0.998754 nan
5501.600000 1.016013 nan
5502.400000 1.018622 nan
5503.200000 1.006761 nan
5504.000000 1.014350 nan
5504.800000 1.001431 nan
5505.600000 1.001362 nan
5506.400000 1.001009 nan
5507.200000 0.995029 nan
5508.000000 0.999142 nan
5508.800000 1.003052 nan
5509.600000 1.004768 nan
5510.400000 0.997620 nan
5511.200000 0.990771 nan
5512.000000 0.999256 nan
5512.800000 1.007709 nan
5513.600000 1.007124 nan
5514.400000 0.999720 nan
5515.200000 0.997453 nan
5516.000000 1.005609 nan
5516.800000 1.010682 nan
5517.600000 0.997639 nan
5518.400000 0.981620 nan
5519.200000 0.986162 nan
5520.000000 1.008690 nan
5520.800000 1.014116 nan
5521.600000 0.994102 nan
5522.400000 1.003770 nan
5523.200000 0.996913 nan
5524.000000 0.986926 nan
5524.800000 1.020014 nan
5525.600000 1.002826 nan
5526.400000 0.994244 nan
5527.200000 1.012160 nan
5528.000000 1.018952 nan
5528.800000 0.991209 nan
5529.600000 1.007515 nan
5530.400000 0.994756 nan
5531.200000 0.994887 nan
5532.000000 1.008014 nan
5532.800000 1.021974 nan
5533.600000 1.028411 nan
5534.400000 1.009179 nan
5535.200000 1.006934 nan
5536.000000 1.000855 nan
5536.800000 0.992607 nan
5537.600000 1.011293 nan
5538.400000 1.038832 nan
5539.200000 1.039210 nan
5540.000000 1.028911 nan
5540.800000 1.017561 nan
5541.600000 1.009959 nan
5542.400000 1.018537 nan
5543.200000 1.034303 nan
5544.000000 1.022969 nan
5544.800000 1.012204 nan
5545.600000 1.026630 nan
5546.400000 1.043085 nan
5547.200000 1.026354 nan
5548.000000 1.029114 nan
5548.800000 1.020816 nan
5549.600000 1.003781 nan
5550.400000 1.022020 nan
5551.200000 1.013906 nan
5552.000000 1.016173 nan
5552.800000 1.020938 nan
5553.600000 1.017255 nan
5554.400000 1.008070 nan
5555.200000 1.025642 nan
5556.000000 1.045004 nan
5556.800000 1.041920 nan
5557.600000 1.037238 nan
5558.400000 1.045764 nan
5559.200000 1.033371 nan
5560.000000 1.027990 nan
5560.800000 1.042875 nan
5561.600000 1.052266 nan
5562.400000 1.034091 nan
5563.200000 1.002331 nan
5564.000000 1.029424 nan
5564.800000 1.029990 nan
5565.600000 1.027067 nan
5566.400000 1.034204 nan
5567.200000 1.032169 nan
5568.000000 0.994612 nan
5568.800000 1.012894 nan
5569.600000 1.019971 nan
5570.400000 1.017666 nan
5571.200000 1.027454 nan
5572.000000 1.012322 nan
5572.800000 1.037575 nan
5573.600000 1.029725 nan
5574.400000 1.019737 nan
5575.200000 1.029594 nan
5576.000000 1.018525 nan
5576.800000 1.020348 nan
5577.600000 1.030952 nan
5578.400000 1.034680 nan
5579.200000 1.032170 nan
5580.000000 1.039455 nan
5580.800000 1.047762 nan
5581.600000 1.049266 nan
5582.400000 1.038484 nan
5583.200000 1.031010 nan
5584.000000 1.040522 nan
5584.800000 1.037855 nan
5585.600000 1.030482 nan
5586.400000 1.025619 nan
5587.200000 1.031066 nan
5588.000000 1.043912 nan
5588.800000 1.040480 nan
5589.600000 1.020165 nan
5590.400000 1.023301 nan
5591.200000 1.031832 nan
5592.000000 1.037451 nan
5592.800000 1.050473 nan
5593.600000 1.051561 nan
5594.400000 1.036480 nan
5595.200000 1.035255 nan
5596.000000 1.041740 nan
5596.800000 1.037492 nan
5597.600000 1.051839 nan
5598.400000 1.045596 nan
5599.200000 1.034962 nan
5600.000000 1.031916 nan
5600.800000 1.040038 nan
5601.600000 1.050846 nan
5602.400000 1.030150 nan
5603.200000 1.024935 nan
5604.000000 1.032720 nan
5604.800000 1.035960 nan
5605.600000 1.025371 nan
5606.400000 1.047479 nan
5607.200000 1.052602 nan
5608.000000 1.050229 nan
5608.800000 1.044883 nan
5609.600000 1.035340 nan
5610.400000 1.049732 nan
5611.200000 1.042261 nan
5612.000000 1.044931 nan
5612.800000 1.048168 nan
5613.600000 1.037221 nan
5614.400000 1.042836 nan
5615.200000 1.039646 nan
5616.000000 1.043279 nan
5616.800000 1.047370 nan
5617.600000 1.040493 nan
5618.400000 1.024539 nan
5619.200000 1.032090 nan
5620.000000 1.046766 nan
5620.800000 1.052551 nan
5621.600000 1.050188 nan
5622.400000 1.049892 nan
5623.200000 1.041040 nan
5624.000000 1.043759 nan
5624.800000 1.033279 nan
5625.600000 1.020953 nan
5626.400000 1.032602 nan
5627.200000 1.049417 nan
5628.000000 1.060844 nan
5628.800000 1.056401 nan
5629.600000 1.050180 nan
5630.400000 1.048322 nan
5631.200000 1.034455 nan
5632.000000 1.031926 nan
5632.800000 1.046430 nan
5633.600000 1.042591 nan
5634.400000 1.027512 nan
5635.200000 1.043931 nan
5636.000000 1.042279 nan
5636.800000 1.044825 nan
5637.600000 1.047899 nan
5638.400000 1.054709 nan
5639.200000 1.070867 nan
5640.000000 1.078565 nan
5640.800000 1.062916 nan
5641.600000 1.058459 nan
5642.400000 1.055822 nan
5643.200000 1.041610 nan
5644.000000 1.035724 nan
5644.800000 1.058758 nan
5645.600000 1.055553 nan
5646.400000 1.049578 nan
5647.200000 1.057137 nan
5648.000000 1.061221 nan
5648.800000 1.060750 nan
5649.600000 1.083040 nan
5650.400000 1.079353 nan
5651.200000 1.057550 nan
5652.000000 1.060349 nan
5652.800000 1.059811 nan
5653.600000 1.058402 nan
5654.400000 1.058122 nan
5655.200000 1.069780 nan
5656.000000 1.090322 nan
5656.800000 1.073134 nan
5657.600000 1.055623 nan
5658.400000 1.049485 nan
5659.200000 1.055928 nan
5660.000000 1.063007 nan
5660.800000 1.050368 nan
5661.600000 1.057695 nan
5662.400000 1.064271 nan
5663.200000 1.059319 nan
5664.000000 1.056269 nan
5664.800000 1.072913 nan
5665.600000 1.064961 nan
5666.400000 1.070963 nan
5667.200000 1.071847 nan
5668.000000 1.069211 nan
5668.800000 1.068071 nan
5669.600000 1.048418 nan
5670.400000 1.053358 nan
5671.200000 1.056827 nan
5672.000000 1.066123 nan
5672.800000 1.081351 nan
5673.600000 1.067704 nan
5674.400000 1.066879 nan
5675.200000 1.060764 nan
5676.000000 1.058421 nan
5676.800000 1.068074 nan
5677.600000 1.086369 nan
5678.400000 1.083023 nan
5679.200000 1.062373 nan
5680.000000 1.061211 nan
5680.800000 1.074359 nan
5681.600000 1.074477 nan
5682.400000 1.063973 nan
5683.200000 1.064254 nan
5684.000000 1.064729 nan
5684.800000 1.064154 nan
5685.600000 1.064379 nan
5686.400000 1.062658 nan
5687.200000 1.062464 nan
5688.000000 1.074195 nan
5688.800000 1.073659 nan
5689.600000 1.062347 nan
5690.400000 1.077283 nan
5691.200000 1.080836 nan
5692.000000 1.073808 nan
5692.800000 1.073203 nan
5693.600000 1.077617 nan
5694.400000 1.072850 nan
5695.200000 1.060921 nan
5696.000000 1.070707 nan
5696.800000 1.071194 nan
5697.600000 1.063622 nan
5698.400000 1.063948 nan
5699.200000 1.074071 nan
5700.000000 1.076087 nan
5700.800000 1.066509 nan
5701.600000 1.061412 nan
5702.400000 1.066264 nan
5703.200000 1.067213 nan
5704.000000 1.067953 nan
5704.800000 1.075331 nan
5705.600000 1.073882 nan
5706.400000 1.065818 nan
5707.200000 1.067067 nan
5708.000000 1.067445 nan
5708.800000 1.073192 nan
5709.600000 1.079411 nan
5710.400000 1.079396 nan
5711.200000 1.071709 nan
5712.000000 1.069871 nan
5712.800000 1.071078 nan
5713.600000 1.071915 nan
5714.400000 1.066590 nan
5715.200000 1.056797 nan
5716.000000 1.058151 nan
5716.800000 1.058532 nan
5717.600000 1.052570 nan
5718.400000 1.052369 nan
5719.200000 1.052166 nan
5720.000000 1.037713 nan
5720.800000 1.056257 nan
5721.600000 1.042154 nan
5722.400000 1.039123 nan
5723.200000 1.048804 nan
5724.000000 1.045279 nan
5724.800000 1.041885 nan
5725.600000 1.040675 nan
5726.400000 1.034731 nan
5727.200000 1.033643 nan
5728.000000 1.041166 nan
5728.800000 1.037745 nan
5729.600000 1.025262 nan
5730.400000 1.028669 nan
5731.200000 1.041451 nan
5732.000000 1.038556 nan
5732.800000 1.007656 nan
5733.600000 1.030767 nan
5734.400000 1.012182 nan
5735.200000 1.012631 nan
5736.000000 1.029092 nan
5736.800000 1.017217 nan
5737.600000 1.036739 nan
5738.400000 1.028523 nan
5739.200000 1.017478 nan
5740.000000 1.013614 nan
5740.800000 1.014709 nan
5741.600000 1.016640 nan
5742.400000 1.004329 nan
5743.200000 1.006770 nan
5744.000000 1.011194 nan
5744.800000 1.006725 nan
5745.600000 1.004014 nan
5746.400000 1.005975 nan
5747.200000 1.016731 nan
5748.000000 1.018036 nan
5748.800000 1.008741 nan
5749.600000 1.002592 nan
5750.400000 0.994824 nan
5751.200000 0.997552 nan
5752.000000 1.010912 nan
5752.800000 1.014948 nan
5753.600000 0.998612 nan
5754.400000 0.997323 nan
5755.200000 0.998284 nan
5756.000000 0.999309 nan
5756.800000 1.001729 nan
5757.600000 1.005240 nan
5758.400000 1.004616 nan
5759.200000 0.990205 nan
5760.000000 0.998283 nan
5760.800000 1.006473 nan
5761.600000 1.006392 nan
5762.400000 1.011130 nan
5763.200000 1.000040 nan
5764.000000 1.003249 nan
5764.800000 1.004885 nan
5765.600000 1.004129 nan
5766.400000 1.006981 nan
5767.200000 0.999291 nan
5768.000000 0.998429 nan
5768.800000 1.004824 nan
5769.600000 1.007159 nan
5770.400000 1.003432 nan
5771.200000 1.012295 nan
5772.000000 1.013280 nan
5772.800000 0.994564 nan
5773.600000 0.983410 nan
5774.400000 0.986195 nan
5775.200000 0.982177 nan
5776.000000 0.997403 nan
5776.800000 0.992227 nan
5777.600000 0.991006 nan
5778.400000 0.997251 nan
5779.200000 0.995135 nan
5780.000000 0.989396 nan
5780.800000 0.992309 nan
5781.600000 1.006583 nan
5782.400000 1.012252 nan
5783.200000 1.000203 nan
5784.000000 1.003039 nan
5784.800000 0.995171 nan
5785.600000 1.002635 nan
5786.400000 1.008148 nan
5787.200000 1.000727 nan
5788.000000 0.994249 nan
5788.800000 0.984875 nan
5789.600000 0.982563 nan
5790.400000 0.994070 nan
5791.200000 1.010178 nan
5792.000000 1.010619 nan
5792.800000 1.003245 nan
5793.600000 1.016581 nan
5794.400000 1.007860 nan
5795.200000 0.994247 nan
5796.000000 1.004608 nan
5796.800000 1.001828 nan
5797.600000 1.002611 nan
5798.400000 1.006501 nan
5799.200000 1.003748 nan
5800.000000 0.995599 nan
5800.800000 1.000929 nan
5801.600000 0.994668 nan
5802.400000 1.007886 nan
5803.200000 1.009736 nan
5804.000000 1.002276 nan
5804.800000 1.020674 nan
5805.600000 1.016052 nan
5806.400000 1.003931 nan
5807.200000 0.996654 nan
5808.000000 1.000874 nan
5808.800000 1.010579 nan
5809.600000 1.000286 nan
5810.400000 1.009206 nan
5811.200000 1.015078 nan
5812.000000 1.000170 nan
5812.800000 0.979640 nan
5813.600000 1.004952 nan
5814.400000 1.013541 nan
5815.200000 1.004320 nan
5816.000000 0.990007 nan
5816.800000 0.978709 nan
5817.600000 0.975095 nan
5818.400000 0.998548 nan
5819.200000 1.012320 nan
5820.000000 0.998668 nan
5820.800000 0.978623 nan
5821.600000 0.981005 nan
5822.400000 0.993082 nan
5823.200000 0.989513 nan
5824.000000 0.992722 nan
5824.800000 0.992792 nan
5825.600000 0.983836 nan
5826.400000 0.998647 nan
5827.200000 0.989995 nan
5828.000000 0.991521 nan
5828.800000 0.997721 nan
5829.600000 0.996059 nan
5830.400000 0.988014 nan
5831.200000 0.995165 nan
5832.000000 0.991486 nan
5832.800000 0.996160 nan
5833.600000 1.005698 nan
5834.400000 0.999062 nan
5835.200000 1.000186 nan
5836.000000 1.003796 nan
5836.800000 0.995175 nan
5837.600000 0.992748 nan
5838.400000 1.008509 nan
5839.200000 0.995954 nan
5840.000000 0.988753 nan
5840.800000 0.999030 nan
5841.600000 1.006398 nan
5842.400000 0.997021 nan
5843.200000 0.986677 nan
5844.000000 0.991895 nan
5844.800000 0.989911 nan
5845.600000 0.982151 nan
5846.400000 0.983074 nan
5847.200000 0.999821 nan
5848.000000 0.985410 nan
5848.800000 0.982251 nan
5849.600000 0.983798 nan
5850.400000 0.987326 nan
5851.200000 0.991876 nan
5852.000000 0.982290 nan
5852.800000 0.974999 nan
5853.600000 0.994887 nan
5854.400000 0.999588 nan
5855.200000 0.972911 nan
5856.000000 0.984120 nan
5856.800000 0.994968 nan
5857.600000 0.989844 nan
5858.400000 0.984756 nan
5859.200000 0.980352 nan
5860.000000 0.963625 nan
5860.800000 0.980036 nan
5861.600000 0.976398 nan
5862.400000 0.972524 nan
5863.200000 0.975079 nan
5864.000000 0.975587 nan
5864.800000 0.977826 nan
5865.600000 0.977151 nan
5866.400000 0.974243 nan
5867.200000 0.973374 nan
5868.000000 0.977887 nan
5868.800000 0.986212 nan
5869.600000 0.982695 nan
5870.400000 0.977664 nan
5871.200000 0.981914 nan
5872.000000 0.990397 nan
5872.800000 0.982596 nan
5873.600000 0.975667 nan
5874.400000 0.979325 nan
5875.200000 0.977709 nan
5876.000000 0.973774 nan
5876.800000 0.980933 nan
5877.600000 0.975947 nan
5878.400000 0.978766 nan
5879.200000 0.976778 nan
5880.000000 0.977999 nan
5880.800000 0.988406 nan
5881.600000 0.978191 nan
5882.400000 0.968469 nan
5883.200000 0.982734 nan
5884.000000 0.986499 nan
5884.800000 0.967598 nan
5885.600000 0.969792 nan
5886.400000 0.975629 nan
5887.200000 0.979219 nan
5888.000000 0.973254 nan
5888.800000 0.966622 nan
5889.600000 0.976485 nan
5890.400000 0.979209 nan
5891.200000 0.993868 nan
5892.000000 0.989245 nan
5892.800000 0.975195 nan
5893.600000 0.975549 nan
5894.400000 0.971071 nan
5895.200000 0.966732 nan
5896.000000 0.964101 nan
5896.800000 0.967542 nan
5897.600000 0.973399 nan
5898.400000 0.966240 nan
5899.200000 0.975239 nan
5900.000000 0.975657 nan
5900.800000 0.971505 nan
5901.600000 0.967176 nan
5902.400000 0.962334 nan
5903.200000 0.970539 nan
5904.000000 0.978616 nan
5904.800000 0.976871 nan
5905.600000 0.970501 nan
5906.400000 0.968908 nan
5907.200000 0.966058 nan
5908.000000 0.980078 nan
5908.800000 0.975911 nan
5909.600000 0.960507 nan
5910.400000 0.958850 nan
5911.200000 0.984506 nan
5912.000000 0.989448 nan
5912.800000 0.980054 nan
5913.600000 0.970360 nan
5914.400000 0.973628 nan
5915.200000 0.992224 nan
5916.000000 0.967301 nan
5916.800000 0.962341 nan
5917.600000 0.975388 nan
5918.400000 0.980384 nan
5919.200000 0.963902 nan
5920.000000 0.986225 nan
5920.800000 0.983889 nan
5921.600000 0.982079 nan
5922.400000 0.981065 nan
5923.200000 0.974197 nan
5924.000000 0.984791 nan
5924.800000 0.997584 nan
5925.600000 0.990516 nan
5926.400000 0.979872 nan
5927.200000 0.977379 nan
5928.000000 0.974755 nan
5928.800000 0.986634 nan
5929.600000 0.987272 nan
5930.400000 0.979442 nan
5931.200000 0.972136 nan
5932.000000 0.972680 nan
5932.800000 0.978345 nan
5933.600000 0.982425 nan
5934.400000 0.978655 nan
5935.200000 0.976211 nan
5936.000000 0.981551 nan
5936.800000 0.972685 nan
5937.600000 0.978998 nan
5938.400000 0.987946 nan
5939.200000 0.986195 nan
5940.000000 0.976655 nan
5940.800000 0.983879 nan
5941.600000 0.994225 nan
5942.400000 0.992066 nan
5943.200000 0.982694 nan
5944.000000 0.975549 nan
5944.800000 0.978580 nan
5945.600000 0.982656 nan
5946.400000 0.992387 nan
5947.200000 0.979938 nan
5948.000000 0.963640 nan
5948.800000 0.974679 nan
5949.600000 0.977861 nan
5950.400000 0.967561 nan
5951.200000 0.971307 nan
5952.000000 0.976224 nan
5952.800000 0.974398 nan
5953.600000 0.996567 nan
5954.400000 0.989653 nan
5955.200000 0.971691 nan
5956.000000 0.969220 nan
5956.800000 0.983231 nan
5957.600000 0.984166 nan
5958.400000 0.979940 nan
5959.200000 0.976441 nan
5960.000000 0.975102 nan
5960.800000 0.972183 nan
5961.600000 0.967398 nan
5962.400000 0.979191 nan
5963.200000 0.960013 nan
5964.000000 0.964704 nan
5964.800000 0.976712 nan
5965.600000 0.968205 nan
5966.400000 0.980845 nan
5967.200000 0.973742 nan
5968.000000 0.971711 nan
5968.800000 0.975809 nan
5969.600000 0.978552 nan
5970.400000 0.976506 nan
5971.200000 0.982097 nan
5972.000000 0.986324 nan
5972.800000 0.984241 nan
5973.600000 0.978033 nan
5974.400000 0.975758 nan
5975.200000 0.981104 nan
5976.000000 0.977896 nan
5976.800000 0.969712 nan
5977.600000 0.971888 nan
5978.400000 0.987457 nan
5979.200000 0.973710 nan
5980.000000 0.973031 nan
5980.800000 0.973231 nan
5981.600000 0.976568 nan
5982.400000 0.985755 nan
5983.200000 0.988048 nan
5984.000000 0.976778 nan
5984.800000 0.976692 nan
5985.600000 0.973166 nan
5986.400000 0.966699 nan
5987.200000 0.978715 nan
5988.000000 0.996595 nan
5988.800000 0.978055 nan
5989.600000 0.974862 nan
5990.400000 0.981861 nan
5991.200000 0.969713 nan
5992.000000 0.979316 nan
5992.800000 0.971301 nan
5993.600000 0.971366 nan
5994.400000 0.977166 nan
5995.200000 0.983829 nan
5996.000000 1.004106 nan
5996.800000 0.968110 nan
5997.600000 0.975839 nan
5998.400000 0.980131 nan
5999.200000 0.960369 nan
6000.000000 0.971290 nan
