3600.000000 0.962321 nan
3600.800000 0.988410 nan
3601.600000 0.984308 nan
3602.400000 0.979467 nan
3603.200000 0.999078 nan
3604.000000 1.007059 nan
3604.800000 0.974186 nan
3605.600000 0.965610 nan
3606.400000 0.958066 nan
3607.200000 0.996850 nan
3608.000000 0.999281 nan
3608.800000 0.986699 nan
3609.600000 0.985676 nan
3610.400000 0.993705 nan
3611.200000 0.996854 nan
3612.000000 0.995076 nan
3612.800000 0.998249 nan
3613.600000 0.979230 nan
3614.400000 0.977564 nan
3615.200000 0.980979 nan
3616.000000 0.971564 nan
3616.800000 0.979925 nan
3617.600000 0.981767 nan
3618.400000 0.978755 nan
3619.200000 0.991090 nan
3620.000000 0.992347 nan
3620.800000 0.999028 nan
3621.600000 1.005901 nan
3622.400000 1.042649 nan
3623.200000 1.019210 nan
3624.000000 1.015879 nan
3624.800000 1.032233 nan
3625.600000 1.036445 nan
3626.400000 1.037074 nan
3627.200000 1.045234 nan
3628.000000 1.030587 nan
3628.800000 1.043688 nan
3629.600000 1.038910 nan
3630.400000 1.043715 nan
3631.200000 1.025781 nan
3632.000000 1.014578 nan
3632.800000 1.017924 nan
3633.600000 1.020424 nan
3634.400000 1.021084 nan
3635.200000 1.021212 nan
3636.000000 1.012103 nan
3636.800000 1.002784 nan
3637.600000 0.997291 nan
3638.400000 1.012205 nan
3639.200000 1.007479 nan
3640.000000 1.003396 nan
3640.800000 1.007390 nan
3641.600000 1.006281 nan
3642.400000 1.026922 nan
3643.200000 1.001495 nan
3644.000000 0.999396 nan
3644.800000 1.002840 nan
3645.600000 1.002524 nan
3646.400000 0.993371 nan
3647.200000 0.986815 nan
3648.000000 0.987956 nan
3648.800000 0.991260 nan
3649.600000 0.994374 nan
3650.400000 0.995493 nan
3651.200000 0.987172 nan
3652.000000 1.001141 nan
3652.800000 0.989413 nan
3653.600000 0.993782 nan
3654.400000 0.995753 nan
3655.200000 0.988147 nan
3656.000000 0.987936 nan
3656.800000 0.995037 nan
3657.600000 1.016121 nan
3658.400000 1.049538 nan
3659.200000 1.041778 nan
3660.000000 1.030663 nan
3660.800000 1.022288 nan
3661.600000 1.004501 nan
3662.400000 0.997949 nan
3663.200000 1.014025 nan
3664.000000 1.022981 nan
3664.800000 1.013103 nan
3665.600000 1.030892 nan
3666.400000 1.019966 nan
3667.200000 1.012724 nan
3668.000000 1.024804 nan
3668.800000 1.023658 nan
3669.600000 1.023954 nan
3670.400000 1.033297 nan
3671.200000 1.027933 nan
3672.000000 1.017213 nan
3672.800000 1.025232 nan
3673.600000 1.032828 nan
3674.400000 1.032171 nan
3675.200000 1.013676 nan
3676.000000 1.032131 nan
3676.800000 1.051036 nan
3677.600000 1.043784 nan
3678.400000 1.037598 nan
3679.200000 1.037776 nan
3680.000000 1.039095 nan
3680.800000 1.031950 nan
3681.600000 1.022800 nan
3682.400000 1.034947 nan
3683.200000 1.044561 nan
3684.000000 1.048341 nan
3684.800000 1.052905 nan
3685.600000 1.061688 nan
3686.400000 1.069724 nan
3687.200000 1.058756 nan
3688.000000 1.049529 nan
3688.800000 1.055451 nan
3689.600000 1.060015 nan
3690.400000 1.052836 nan
3691.200000 1.062220 nan
3692.000000 1.058185 nan
3692.800000 1.038979 nan
3693.600000 1.051100 nan
3694.400000 1.058307 nan
3695.200000 1.009328 nan
3696.000000 1.010113 nan
3696.800000 1.031945 nan
3697.600000 1.041132 nan
3698.400000 1.041834 nan
3699.200000 1.036822 nan
3700.000000 1.024738 nan
3700.800000 1.022976 nan
3701.600000 1.042923 nan
3702.400000 1.036058 nan
3703.200000 1.131619 nan
3704.000000 1.022043 nan
3704.800000 0.985278 nan
3705.600000 0.992180 nan
3706.400000 1.014030 nan
3707.200000 1.010117 nan
3708.000000 0.973622 nan
3708.800000 0.970852 nan
3709.600000 1.044396 nan
3710.400000 1.035269 nan
3711.200000 1.022578 nan
3712.000000 1.039708 nan
3712.800000 1.077274 nan
3713.600000 1.043996 nan
3714.400000 1.023780 nan
3715.200000 1.023967 nan
3716.000000 0.960591 nan
3716.800000 1.003433 nan
3717.600000 1.029722 nan
3718.400000 0.985295 nan
3719.200000 1.042837 nan
3720.000000 1.083862 nan
3720.800000 1.044425 nan
3721.600000 1.015783 nan
3722.400000 1.012293 nan
3723.200000 1.011015 nan
3724.000000 1.065446 nan
3724.800000 0.998118 nan
3725.600000 1.003896 nan
3726.400000 0.990276 nan
3727.200000 0.995242 nan
3728.000000 0.999167 nan
3728.800000 0.983818 nan
3729.600000 0.978210 nan
3730.400000 1.015579 nan
3731.200000 1.046372 nan
3732.000000 0.961048 nan
3732.800000 0.935388 nan
3733.600000 0.937754 nan
3734.400000 0.958135 nan
3735.200000 0.993541 nan
3736.000000 0.985146 nan
3736.800000 0.992386 nan
3737.600000 1.028409 nan
3738.400000 0.973874 nan
3739.200000 0.987148 nan
3740.000000 1.008082 nan
3740.800000 0.974966 nan
3741.600000 0.968011 nan
3742.400000 0.961565 nan
3743.200000 1.005681 nan
3744.000000 1.010875 nan
3744.800000 0.955106 nan
3745.600000 0.960239 nan
3746.400000 0.951249 nan
3747.200000 0.978346 nan
3748.000000 0.945615 nan
3748.800000 1.025701 nan
3749.600000 0.996405 nan
3750.400000 0.951493 nan
3751.200000 0.972082 nan
3752.000000 0.988527 nan
3752.800000 0.950848 nan
3753.600000 0.959302 nan
3754.400000 1.009382 nan
3755.200000 0.967131 nan
3756.000000 0.946612 nan
3756.800000 1.009478 nan
3757.600000 1.069472 nan
3758.400000 1.039040 nan
3759.200000 0.989221 nan
3760.000000 0.988056 nan
3760.800000 0.985665 nan
3761.600000 0.987955 nan
3762.400000 0.956076 nan
3763.200000 0.951134 nan
3764.000000 0.967422 nan
3764.800000 0.962981 nan
3765.600000 0.953590 nan
3766.400000 0.954887 nan
3767.200000 0.962852 nan
3768.000000 0.969606 nan
3768.800000 0.965024 nan
3769.600000 0.978661 nan
3770.400000 0.971249 nan
3771.200000 0.977424 nan
3772.000000 0.939534 nan
3772.800000 0.924513 nan
3773.600000 0.936296 nan
3774.400000 0.944672 nan
3775.200000 0.952279 nan
3776.000000 0.939235 nan
3776.800000 0.933257 nan
3777.600000 0.952315 nan
3778.400000 0.954404 nan
3779.200000 0.943580 nan
3780.000000 0.923111 nan
3780.800000 0.931499 nan
3781.600000 0.983500 nan
3782.400000 1.035098 nan
3783.200000 1.036411 nan
3784.000000 1.032935 nan
3784.800000 0.982226 nan
3785.600000 0.960182 nan
3786.400000 0.984931 nan
3787.200000 0.966234 nan
3788.000000 0.969802 nan
3788.800000 0.999683 nan
3789.600000 0.966950 nan
3790.400000 0.932064 nan
3791.200000 0.995106 nan
3792.000000 0.949115 nan
3792.800000 1.008225 nan
3793.600000 0.969616 nan
3794.400000 0.944565 nan
3795.200000 0.916279 nan
3796.000000 0.906747 nan
3796.800000 0.931429 nan
3797.600000 0.937551 nan
3798.400000 0.973981 nan
3799.200000 0.976196 nan
3800.000000 0.972476 nan
3800.800000 0.971143 nan
3801.600000 0.991038 nan
3802.400000 0.992758 nan
3803.200000 0.979879 nan
3804.000000 0.979393 nan
3804.800000 0.975813 nan
3805.600000 0.954776 nan
3806.400000 0.983300 nan
3807.200000 0.967269 nan
3808.000000 0.977054 nan
3808.800000 0.973935 nan
3809.600000 0.984660 nan
3810.400000 0.976497 nan
3811.200000 0.959623 nan
3812.000000 0.977683 nan
3812.800000 0.973178 nan
3813.600000 0.967296 nan
3814.400000 1.017622 nan
3815.200000 0.980123 nan
3816.000000 0.988784 nan
3816.800000 0.975182 nan
3817.600000 0.954272 nan
3818.400000 0.954912 nan
3819.200000 0.963196 nan
3820.000000 0.975358 nan
3820.800000 0.980934 nan
3821.600000 0.985395 nan
3822.400000 1.005523 nan
3823.200000 0.983427 nan
3824.000000 0.973087 nan
3824.800000 0.974116 nan
3825.600000 0.962024 nan
3826.400000 0.958121 nan
3827.200000 0.984184 nan
3828.000000 0.973381 nan
3828.800000 0.958476 nan
3829.600000 0.959671 nan
3830.400000 0.953287 nan
3831.200000 0.962175 nan
3832.000000 0.978289 nan
3832.800000 0.987560 nan
3833.600000 1.003104 nan
3834.400000 1.010239 nan
3835.200000 0.942957 nan
3836.000000 0.913356 nan
3836.800000 0.951638 nan
3837.600000 0.933723 nan
3838.400000 0.928703 nan
3839.200000 0.938870 nan
3840.000000 0.926449 nan
3840.800000 0.938949 nan
3841.600000 0.972629 nan
3842.400000 0.903690 nan
3843.200000 0.956556 nan
3844.000000 0.933789 nan
3844.800000 0.930635 nan
3845.600000 0.924512 nan
3846.400000 0.969438 nan
3847.200000 0.978746 nan
3848.000000 0.944941 nan
3848.800000 0.947279 nan
3849.600000 0.969306 nan
3850.400000 1.005392 nan
3851.200000 0.990091 nan
3852.000000 0.990226 nan
3852.800000 1.002311 nan
3853.600000 1.002073 nan
3854.400000 0.992276 nan
3855.200000 0.991972 nan
3856.000000 1.032716 nan
3856.800000 1.082633 nan
3857.600000 1.020264 nan
3858.400000 1.085283 nan
3859.200000 1.015963 nan
3860.000000 1.035095 nan
3860.800000 1.073248 nan
3861.600000 1.072853 nan
3862.400000 1.013972 nan
3863.200000 1.001099 nan
3864.000000 1.069126 nan
3864.800000 0.996556 nan
3865.600000 1.020386 nan
3866.400000 1.107199 nan
3867.200000 1.103373 nan
3868.000000 1.051669 nan
3868.800000 1.013674 nan
3869.600000 1.042087 nan
3870.400000 1.118634 nan
3871.200000 1.112836 nan
3872.000000 1.005883 nan
3872.800000 0.997015 nan
3873.600000 1.104007 nan
3874.400000 1.045891 nan
3875.200000 0.983227 nan
3876.000000 1.013747 nan
3876.800000 1.058260 nan
3877.600000 1.081691 nan
3878.400000 1.088179 nan
3879.200000 1.052647 nan
3880.000000 1.110330 nan
3880.800000 1.049905 nan
3881.600000 1.060826 nan
3882.400000 1.010558 nan
3883.200000 1.039468 nan
3884.000000 1.067368 nan
3884.800000 1.068269 nan
3885.600000 1.058624 nan
3886.400000 1.021670 nan
3887.200000 1.069232 nan
3888.000000 1.023867 nan
3888.800000 1.004059 nan
3889.600000 1.005766 nan
3890.400000 1.038566 nan
3891.200000 1.065334 nan
3892.000000 1.054176 nan
3892.800000 1.029916 nan
3893.600000 1.022141 nan
3894.400000 1.027221 nan
3895.200000 1.060233 nan
3896.000000 1.069120 nan
3896.800000 0.995865 nan
3897.600000 1.041731 nan
3898.400000 1.037239 nan
3899.200000 0.998783 nan
3900.000000 1.030803 nan
3900.800000 1.073628 nan
3901.600000 1.003328 nan
3902.400000 0.987868 nan
3903.200000 1.083707 nan
3904.000000 0.998405 nan
3904.800000 1.020267 nan
3905.600000 1.081772 nan
3906.400000 1.080892 nan
3907.200000 1.074597 nan
3908.000000 1.071202 nan
3908.800000 1.000439 nan
3909.600000 1.036740 nan
3910.400000 1.086767 nan
3911.200000 0.998169 nan
3912.000000 1.074383 nan
3912.800000 1.100468 nan
3913.600000 1.044036 nan
3914.400000 1.049017 nan
3915.200000 1.082977 nan
3916.000000 1.023049 nan
3916.800000 1.000955 nan
3917.600000 1.013875 nan
3918.400000 1.012801 nan
3919.200000 0.972774 nan
3920.000000 0.995631 nan
3920.800000 0.993797 nan
3921.600000 1.046069 nan
3922.400000 1.109213 nan
3923.200000 1.019749 nan
3924.000000 1.003960 nan
3924.800000 0.999933 nan
3925.600000 1.054878 nan
3926.400000 0.988086 nan
3927.200000 0.954978 nan
3928.000000 0.988501 nan
3928.800000 0.985384 nan
3929.600000 1.002592 nan
3930.400000 1.074103 nan
3931.200000 0.993845 nan
3932.000000 1.012114 nan
3932.800000 1.017191 nan
3933.600000 0.993167 nan
3934.400000 0.989654 nan
3935.200000 1.026132 nan
3936.000000 1.014659 nan
3936.800000 0.982144 nan
3937.600000 0.997200 nan
3938.400000 1.005565 nan
3939.200000 0.970054 nan
3940.000000 0.987982 nan
3940.800000 0.964909 nan
3941.600000 0.994246 nan
3942.400000 0.990179 nan
3943.200000 0.987102 nan
3944.000000 1.013324 nan
3944.800000 1.035715 nan
3945.600000 1.042212 nan
3946.400000 1.069844 nan
3947.200000 1.055043 nan
3948.000000 1.005009 nan
3948.800000 1.027202 nan
3949.600000 0.988906 nan
3950.400000 0.976679 nan
3951.200000 1.002324 nan
3952.000000 0.993155 nan
3952.800000 0.958368 nan
3953.600000 0.975879 nan
3954.400000 0.983736 nan
3955.200000 1.035063 nan
3956.000000 1.006979 nan
3956.800000 1.066212 nan
3957.600000 1.068579 nan
3958.400000 1.047415 nan
3959.200000 1.032474 nan
3960.000000 0.991624 nan
3960.800000 0.993298 nan
3961.600000 1.001659 nan
3962.400000 1.019285 nan
3963.200000 0.947167 nan
3964.000000 0.953360 nan
3964.800000 0.972679 nan
3965.600000 0.985563 nan
3966.400000 0.987187 nan
3967.200000 0.978215 nan
3968.000000 1.002969 nan
3968.800000 1.049493 nan
3969.600000 0.989229 nan
3970.400000 0.929419 nan
3971.200000 0.940280 nan
3972.000000 1.004235 nan
3972.800000 1.030814 nan
3973.600000 1.043378 nan
3974.400000 1.051164 nan
3975.200000 1.001245 nan
3976.000000 0.988333 nan
3976.800000 1.011826 nan
3977.600000 0.974627 nan
3978.400000 1.015533 nan
3979.200000 1.009809 nan
3980.000000 1.011055 nan
3980.800000 0.998123 nan
3981.600000 0.985560 nan
3982.400000 1.032312 nan
3983.200000 1.038038 nan
3984.000000 1.000524 nan
3984.800000 1.093844 nan
3985.600000 1.075416 nan
3986.400000 0.987740 nan
3987.200000 0.980001 nan
3988.000000 0.987391 nan
3988.800000 0.967933 nan
3989.600000 0.978838 nan
3990.400000 1.022332 nan
3991.200000 1.023543 nan
3992.000000 1.013405 nan
3992.800000 1.044329 nan
3993.600000 1.076162 nan
3994.400000 1.030000 nan
3995.200000 0.967919 nan
3996.000000 0.999512 nan
3996.800000 1.050287 nan
3997.600000 0.978976 nan
3998.400000 1.062926 nan
3999.200000 1.074688 nan
4000.000000 1.016684 nan
4000.800000 1.048593 nan
4001.600000 1.077741 nan
4002.400000 1.037163 nan
4003.200000 1.016483 nan
4004.000000 1.048265 nan
4004.800000 1.034631 nan
4005.600000 0.967774 nan
4006.400000 1.061614 nan
4007.200000 1.069728 nan
4008.000000 0.980837 nan
4008.800000 0.959760 nan
4009.600000 1.007060 nan
4010.400000 1.007784 nan
4011.200000 0.986900 nan
4012.000000 1.009638 nan
4012.800000 0.952996 nan
4013.600000 1.006398 nan
4014.400000 1.034715 nan
4015.200000 0.966421 nan
4016.000000 0.972696 nan
4016.800000 0.950620 nan
4017.600000 0.975057 nan
4018.400000 1.016393 nan
4019.200000 0.986666 nan
4020.000000 1.006100 nan
4020.800000 0.997826 nan
4021.600000 1.078949 nan
4022.400000 1.040162 nan
4023.200000 0.997175 nan
4024.000000 1.073687 nan
4024.800000 1.071886 nan
4025.600000 1.001941 nan
4026.400000 0.979523 nan
4027.200000 0.970935 nan
4028.000000 1.010898 nan
4028.800000 0.999276 nan
4029.600000 0.994460 nan
4030.400000 0.945325 nan
4031.200000 0.998925 nan
4032.000000 1.043347 nan
4032.800000 1.015701 nan
4033.600000 1.004809 nan
4034.400000 1.030487 nan
4035.200000 1.018775 nan
4036.000000 1.048611 nan
4036.800000 1.078894 nan
4037.600000 1.064588 nan
4038.400000 1.048931 nan
4039.200000 1.036370 nan
4040.000000 1.042751 nan
4040.800000 1.026007 nan
4041.600000 0.986074 nan
4042.400000 1.017288 nan
4043.200000 1.009349 nan
4044.000000 1.009934 nan
4044.800000 1.023130 nan
4045.600000 1.030103 nan
4046.400000 1.029817 nan
4047.200000 1.010383 nan
4048.000000 0.999481 nan
4048.800000 1.029616 nan
4049.600000 1.069517 nan
4050.400000 1.060569 nan
4051.200000 0.987369 nan
4052.000000 1.042369 nan
4052.800000 1.029192 nan
4053.600000 1.010305 nan
4054.400000 0.992397 nan
4055.200000 0.976700 nan
4056.000000 0.997501 nan
4056.800000 1.035116 nan
4057.600000 0.997382 nan
4058.400000 1.060633 nan
4059.200000 1.009696 nan
4060.000000 0.999855 nan
4060.800000 1.077812 nan
4061.600000 1.064799 nan
4062.400000 1.061747 nan
4063.200000 1.061280 nan
4064.000000 0.965510 nan
4064.800000 0.994540 nan
4065.600000 1.006470 nan
4066.400000 0.965455 nan
4067.200000 0.971226 nan
4068.000000 1.038986 nan
4068.800000 1.015670 nan
4069.600000 0.993878 nan
4070.400000 1.060570 nan
4071.200000 1.089678 nan
4072.000000 0.997858 nan
4072.800000 1.074781 nan
4073.600000 0.952491 nan
4074.400000 0.961044 nan
4075.200000 0.988914 nan
4076.000000 0.957099 nan
4076.800000 1.036493 nan
4077.600000 1.128989 nan
4078.400000 1.037766 nan
4079.200000 1.008109 nan
4080.000000 1.081617 nan
4080.800000 1.140898 nan
4081.600000 1.065518 nan
4082.400000 1.039690 nan
4083.200000 1.064217 nan
4084.000000 1.058134 nan
4084.800000 1.006636 nan
4085.600000 0.982181 nan
4086.400000 1.030501 nan
4087.200000 1.056935 nan
4088.000000 1.041820 nan
4088.800000 1.104077 nan
4089.600000 1.082418 nan
4090.400000 1.143822 nan
4091.200000 1.087431 nan
4092.000000 1.053537 nan
4092.800000 1.115740 nan
4093.600000 1.111388 nan
4094.400000 1.068207 nan
4095.200000 1.035499 nan
4096.000000 1.085941 nan
4096.800000 1.098901 nan
4097.600000 1.050672 nan
4098.400000 1.001710 nan
4099.200000 0.974185 nan
4100.000000 1.027781 nan
4100.800000 1.131310 nan
4101.600000 1.052551 nan
4102.400000 1.001831 nan
4103.200000 1.026041 nan
4104.000000 1.008233 nan
4104.800000 1.024997 nan
4105.600000 1.034476 nan
4106.400000 1.015048 nan
4107.200000 0.984703 nan
4108.000000 0.988373 nan
4108.800000 1.019707 nan
4109.600000 0.947890 nan
4110.400000 1.002017 nan
4111.200000 0.988933 nan
4112.000000 1.018561 nan
4112.800000 1.021444 nan
4113.600000 0.956817 nan
4114.400000 0.975606 nan
4115.200000 1.053192 nan
4116.000000 0.986972 nan
4116.800000 1.005489 nan
4117.600000 0.997793 nan
4118.400000 1.041603 nan
4119.200000 0.993891 nan
4120.000000 0.948816 nan
4120.800000 1.012898 nan
4121.600000 1.031904 nan
4122.400000 0.991915 nan
4123.200000 1.040377 nan
4124.000000 1.049869 nan
4124.800000 0.982940 nan
4125.600000 0.990046 nan
4126.400000 1.050641 nan
4127.200000 0.989276 nan
4128.000000 0.988234 nan
4128.800000 0.998855 nan
4129.600000 1.017042 nan
4130.400000 1.069851 nan
4131.200000 1.025780 nan
4132.000000 1.028170 nan
4132.800000 0.992715 nan
4133.600000 0.984909 nan
4134.400000 1.040717 nan
4135.200000 1.033908 nan
4136.000000 0.993738 nan
4136.800000 0.988764 nan
4137.600000 0.982167 nan
4138.400000 0.956939 nan
4139.200000 1.006286 nan
4140.000000 0.948269 nan
4140.800000 1.016505 nan
4141.600000 1.005064 nan
4142.400000 1.027442 nan
4143.200000 0.980550 nan
4144.000000 0.930628 nan
4144.800000 0.974352 nan
4145.600000 1.037249 nan
4146.400000 1.028329 nan
4147.200000 1.014369 nan
4148.000000 0.974340 nan
4148.800000 1.047601 nan
4149.600000 0.968369 nan
4150.400000 0.953925 nan
4151.200000 0.986114 nan
4152.000000 0.988982 nan
4152.800000 0.997421 nan
4153.600000 0.972864 nan
4154.400000 0.982327 nan
4155.200000 1.054883 nan
4156.000000 0.995941 nan
4156.800000 0.999044 nan
4157.600000 0.993346 nan
4158.400000 0.972481 nan
4159.200000 0.989629 nan
4160.000000 0.999185 nan
4160.800000 0.937883 nan
4161.600000 0.987932 nan
4162.400000 0.994835 nan
4163.200000 1.007801 nan
4164.000000 0.972498 nan
4164.800000 0.971891 nan
4165.600000 0.986637 nan
4166.400000 0.995988 nan
4167.200000 0.981916 nan
4168.000000 0.961933 nan
4168.800000 1.017512 nan
4169.600000 0.917473 nan
4170.400000 0.997487 nan
4171.200000 0.972808 nan
4172.000000 0.951744 nan
4172.800000 0.988532 nan
4173.600000 0.987068 nan
4174.400000 0.953266 nan
4175.200000 0.977524 nan
4176.000000 0.977999 nan
4176.800000 0.971360 nan
4177.600000 0.950075 nan
4178.400000 0.952475 nan
4179.200000 0.987673 nan
4180.000000 1.061594 nan
4180.800000 1.027490 nan
4181.600000 0.956798 nan
4182.400000 0.987086 nan
4183.200000 0.996297 nan
4184.000000 0.996860 nan
4184.800000 0.987480 nan
4185.600000 0.989861 nan
4186.400000 1.024904 nan
4187.200000 0.956661 nan
4188.000000 0.949876 nan
4188.800000 1.016759 nan
4189.600000 1.020869 nan
4190.400000 1.002225 nan
4191.200000 1.021498 nan
4192.000000 1.066061 nan
4192.800000 1.062604 nan
4193.600000 1.077649 nan
4194.400000 1.082104 nan
4195.200000 0.987295 nan
4196.000000 0.956492 nan
4196.800000 1.058138 nan
4197.600000 1.119439 nan
4198.400000 1.124769 nan
4199.200000 1.091574 nan
4200.000000 1.028550 nan
4200.800000 1.081334 nan
4201.600000 0.991578 nan
4202.400000 1.011180 nan
4203.200000 1.053810 nan
4204.000000 1.016275 nan
4204.800000 1.074798 nan
4205.600000 1.121836 nan
4206.400000 1.042679 nan
4207.200000 1.056764 nan
4208.000000 1.037589 nan
4208.800000 1.044564 nan
4209.600000 1.046932 nan
4210.400000 1.065720 nan
4211.200000 1.076053 nan
4212.000000 1.055152 nan
4212.800000 1.093869 nan
4213.600000 1.085675 nan
4214.400000 0.986086 nan
4215.200000 1.017189 nan
4216.000000 1.098927 nan
4216.800000 1.027217 nan
4217.600000 0.972208 nan
4218.400000 1.021626 nan
4219.200000 1.096263 nan
4220.000000 1.096154 nan
4220.800000 1.031295 nan
4221.600000 1.049011 nan
4222.400000 1.021356 nan
4223.200000 1.052571 nan
4224.000000 1.142269 nan
4224.800000 1.102714 nan
4225.600000 1.053005 nan
4226.400000 1.061866 nan
4227.200000 1.011179 nan
4228.000000 1.033467 nan
4228.800000 1.021167 nan
4229.600000 1.028638 nan
4230.400000 1.018423 nan
4231.200000 1.042573 nan
4232.000000 1.108158 nan
4232.800000 1.091611 nan
4233.600000 1.016107 nan
4234.400000 1.010852 nan
4235.200000 1.032340 nan
4236.000000 0.992459 nan
4236.800000 1.027104 nan
4237.600000 1.056380 nan
4238.400000 1.190070 nan
4239.200000 1.203780 nan
4240.000000 1.094083 nan
4240.800000 1.044829 nan
4241.600000 1.051291 nan
4242.400000 1.025012 nan
4243.200000 1.009532 nan
4244.000000 1.038241 nan
4244.800000 1.066850 nan
4245.600000 1.079475 nan
4246.400000 1.115188 nan
4247.200000 1.113816 nan
4248.000000 1.085657 nan
4248.800000 1.079169 nan
4249.600000 1.048317 nan
4250.400000 1.007497 nan
4251.200000 1.058318 nan
4252.000000 1.022024 nan
4252.800000 0.982581 nan
4253.600000 1.119785 nan
4254.400000 1.144620 nan
4255.200000 1.067196 nan
4256.000000 1.066302 nan
4256.800000 1.040364 nan
4257.600000 1.045951 nan
4258.400000 1.099792 nan
4259.200000 1.011984 nan
4260.000000 1.122724 nan
4260.800000 1.053337 nan
4261.600000 1.016174 nan
4262.400000 1.045129 nan
4263.200000 1.054554 nan
4264.000000 1.060980 nan
4264.800000 1.048343 nan
4265.600000 1.021116 nan
4266.400000 1.007099 nan
4267.200000 1.030038 nan
4268.000000 1.036031 nan
4268.800000 1.049232 nan
4269.600000 1.063549 nan
4270.400000 1.053492 nan
4271.200000 1.028569 nan
4272.000000 1.025302 nan
4272.800000 1.055648 nan
4273.600000 1.044391 nan
4274.400000 1.048023 nan
4275.200000 1.127743 nan
4276.000000 1.095405 nan
4276.800000 1.072584 nan
4277.600000 1.075279 nan
4278.400000 1.045972 nan
4279.200000 1.050580 nan
4280.000000 1.042434 nan
4280.800000 1.062515 nan
4281.600000 1.085989 nan
4282.400000 1.093524 nan
4283.200000 1.062267 nan
4284.000000 1.049669 nan
4284.800000 1.062842 nan
4285.600000 1.073079 nan
4286.400000 1.075928 nan
4287.200000 1.076130 nan
4288.000000 0.995489 nan
4288.800000 0.997948 nan
4289.600000 1.032508 nan
4290.400000 1.046852 nan
4291.200000 1.104879 nan
4292.000000 1.147329 nan
4292.800000 1.056241 nan
4293.600000 0.954254 nan
4294.400000 1.009261 nan
4295.200000 1.070460 nan
4296.000000 1.119371 nan
4296.800000 1.016066 nan
4297.600000 1.024628 nan
4298.400000 1.083533 nan
4299.200000 1.081074 nan
4300.000000 1.022611 nan
4300.800000 1.037810 nan
4301.600000 1.155914 nan
4302.400000 1.023749 nan
4303.200000 1.080774 nan
4304.000000 1.140732 nan
4304.800000 1.065803 nan
4305.600000 1.037345 nan
4306.400000 1.100563 nan
4307.200000 1.102698 nan
4308.000000 1.047239 nan
4308.800000 1.114847 nan
4309.600000 1.100254 nan
4310.400000 1.061849 nan
4311.200000 1.058351 nan
4312.000000 1.036399 nan
4312.800000 1.040558 nan
4313.600000 1.053353 nan
4314.400000 1.074366 nan
4315.200000 1.099019 nan
4316.000000 1.093621 nan
4316.800000 1.064656 nan
4317.600000 1.050594 nan
4318.400000 1.068100 nan
4319.200000 0.975221 nan
4320.000000 1.025472 nan
4320.800000 1.068035 nan
4321.600000 1.055962 nan
4322.400000 1.079147 nan
4323.200000 1.096470 nan
4324.000000 1.044885 nan
4324.800000 1.155073 nan
4325.600000 1.076227 nan
4326.400000 1.064322 nan
4327.200000 1.067264 nan
4328.000000 1.080162 nan
4328.800000 1.064990 nan
4329.600000 1.048530 nan
4330.400000 1.060091 nan
4331.200000 1.052258 nan
4332.000000 1.077791 nan
4332.800000 1.083582 nan
4333.600000 1.046215 nan
4334.400000 1.053246 nan
4335.200000 1.040504 nan
4336.000000 1.045870 nan
4336.800000 1.067282 nan
4337.600000 1.039629 nan
4338.400000 1.000033 nan
4339.200000 1.057518 nan
4340.000000 1.037848 nan
4340.800000 1.017085 nan
4341.600000 1.026585 nan
4342.400000 1.035485 nan
4343.200000 1.041350 nan
4344.000000 1.044955 nan
4344.800000 1.046335 nan
4345.600000 1.043127 nan
4346.400000 1.028109 nan
4347.200000 1.021532 nan
4348.000000 1.029523 nan
4348.800000 1.050905 nan
4349.600000 1.046534 nan
4350.400000 1.016259 nan
4351.200000 1.004448 nan
4352.000000 1.010880 nan
4352.800000 1.026001 nan
4353.600000 1.064171 nan
4354.400000 1.021616 nan
4355.200000 1.021471 nan
4356.000000 1.019108 nan
4356.800000 1.030380 nan
4357.600000 1.024391 nan
4358.400000 1.010254 nan
4359.200000 1.020313 nan
4360.000000 1.068128 nan
4360.800000 1.098415 nan
4361.600000 1.015982 nan
4362.400000 1.004085 nan
4363.200000 1.034735 nan
4364.000000 1.018969 nan
4364.800000 1.033516 nan
4365.600000 1.011639 nan
4366.400000 1.012503 nan
4367.200000 1.056911 nan
4368.000000 1.028471 nan
4368.800000 1.026981 nan
4369.600000 1.015736 nan
4370.400000 1.047993 nan
4371.200000 1.035154 nan
4372.000000 1.033268 nan
4372.800000 1.034106 nan
4373.600000 1.040660 nan
4374.400000 1.047682 nan
4375.200000 1.036608 nan
4376.000000 1.032301 nan
4376.800000 1.012606 nan
4377.600000 1.028613 nan
4378.400000 1.068796 nan
4379.200000 1.094974 nan
4380.000000 1.054157 nan
4380.800000 1.010258 nan
4381.600000 1.018125 nan
4382.400000 1.041402 nan
4383.200000 1.025251 nan
4384.000000 1.056037 nan
4384.800000 0.988855 nan
4385.600000 1.043748 nan
4386.400000 1.038356 nan
4387.200000 1.001339 nan
4388.000000 1.005161 nan
4388.800000 1.031545 nan
4389.600000 1.029510 nan
4390.400000 1.008315 nan
4391.200000 1.000282 nan
4392.000000 1.011090 nan
4392.800000 1.009708 nan
4393.600000 1.042007 nan
4394.400000 1.018681 nan
4395.200000 1.022938 nan
4396.000000 1.058197 nan
4396.800000 1.048861 nan
4397.600000 1.005238 nan
4398.400000 0.990340 nan
4399.200000 1.006835 nan
4400.000000 1.043943 nan
4400.800000 0.993911 nan
4401.600000 0.977394 nan
4402.400000 0.990775 nan
4403.200000 0.983311 nan
4404.000000 0.980597 nan
4404.800000 1.010170 nan
4405.600000 0.996133 nan
4406.400000 1.002562 nan
4407.200000 1.005468 nan
4408.000000 0.977741 nan
4408.800000 0.978804 nan
4409.600000 0.989276 nan
4410.400000 0.989185 nan
4411.200000 0.980554 nan
4412.000000 0.972148 nan
4412.800000 0.972152 nan
4413.600000 0.980559 nan
4414.400000 0.982104 nan
4415.200000 0.986394 nan
4416.000000 0.952411 nan
4416.800000 0.961286 nan
4417.600000 0.995680 nan
4418.400000 0.993509 nan
4419.200000 0.968565 nan
4420.000000 0.980706 nan
4420.800000 0.992398 nan
4421.600000 0.985560 nan
4422.400000 0.996185 nan
4423.200000 0.994247 nan
4424.000000 0.977030 nan
4424.800000 0.966315 nan
4425.600000 0.973834 nan
4426.400000 0.987432 nan
4427.200000 0.986791 nan
4428.000000 0.984408 nan
4428.800000 0.995717 nan
4429.600000 0.989857 nan
4430.400000 0.999759 nan
4431.200000 0.991623 nan
4432.000000 0.990314 nan
4432.800000 0.995690 nan
4433.600000 0.997410 nan
4434.400000 0.999798 nan
4435.200000 0.999006 nan
4436.000000 0.996029 nan
4436.800000 0.969001 nan
4437.600000 0.970245 nan
4438.400000 0.976030 nan
4439.200000 0.974638 nan
4440.000000 0.973508 nan
4440.800000 0.979003 nan
4441.600000 0.982463 nan
4442.400000 0.972816 nan
4443.200000 0.970193 nan
4444.000000 0.962280 nan
4444.800000 0.961511 nan
4445.600000 0.958190 nan
4446.400000 0.956918 nan
4447.200000 0.962014 nan
4448.000000 0.973001 nan
4448.800000 0.986406 nan
4449.600000 0.986024 nan
4450.400000 0.958296 nan
4451.200000 0.966071 nan
4452.000000 0.959998 nan
4452.800000 0.940488 nan
4453.600000 0.931502 nan
4454.400000 0.929258 nan
4455.200000 0.927819 nan
4456.000000 0.936073 nan
4456.800000 0.957685 nan
4457.600000 0.967422 nan
4458.400000 0.968028 nan
4459.200000 0.961145 nan
4460.000000 0.948473 nan
4460.800000 0.929613 nan
4461.600000 0.916053 nan
4462.400000 0.912201 nan
4463.200000 0.910833 nan
4464.000000 0.906055 nan
4464.800000 0.901350 nan
4465.600000 0.890742 nan
4466.400000 0.889677 nan
4467.200000 0.886020 nan
4468.000000 0.877857 nan
4468.800000 0.871718 nan
4469.600000 0.874707 nan
4470.400000 0.889834 nan
4471.200000 0.905401 nan
4472.000000 0.902078 nan
4472.800000 0.897977 nan
4473.600000 0.909248 nan
4474.400000 0.873421 nan
4475.200000 0.849915 nan
4476.000000 0.845503 nan
4476.800000 0.845977 nan
4477.600000 0.841954 nan
4478.400000 0.835082 nan
4479.200000 0.828408 nan
4480.000000 0.814827 nan
4480.800000 0.809480 nan
4481.600000 0.795240 nan
4482.400000 0.781879 nan
4483.200000 0.767824 nan
4484.000000 0.742440 nan
4484.800000 0.736682 nan
4485.600000 0.740312 nan
4486.400000 0.719174 nan
4487.200000 0.726994 nan
4488.000000 0.729258 nan
4488.800000 0.709639 nan
4489.600000 0.696948 nan
4490.400000 0.681599 nan
4491.200000 0.663463 nan
4492.000000 0.656393 nan
4492.800000 0.660568 nan
4493.600000 0.665070 nan
4494.400000 0.662288 nan
4495.200000 0.634955 nan
4496.000000 0.613340 nan
4496.800000 0.602927 nan
4497.600000 0.572094 nan
4498.400000 0.543123 nan
4499.200000 0.546096 nan
4500.000000 0.591543 nan
4500.800000 0.650072 nan
4501.600000 0.675410 nan
4502.400000 0.674364 nan
4503.200000 0.678842 nan
4504.000000 0.694282 nan
4504.800000 0.717913 nan
4505.600000 0.728295 nan
4506.400000 0.734118 nan
4507.200000 0.738736 nan
4508.000000 0.741608 nan
4508.800000 0.750332 nan
4509.600000 0.755478 nan
4510.400000 0.762557 nan
4511.200000 0.770195 nan
4512.000000 0.774954 nan
4512.800000 0.780219 nan
4513.600000 0.781282 nan
4514.400000 0.784655 nan
4515.200000 0.793437 nan
4516.000000 0.799219 nan
4516.800000 0.803751 nan
4517.600000 0.808751 nan
4518.400000 0.815913 nan
4519.200000 0.824975 nan
4520.000000 0.832457 nan
4520.800000 0.835040 nan
4521.600000 0.838733 nan
4522.400000 0.846769 nan
4523.200000 0.853390 nan
4524.000000 0.856151 nan
4524.800000 0.864080 nan
4525.600000 0.867497 nan
4526.400000 0.882175 nan
4527.200000 0.882557 nan
4528.000000 0.896923 nan
4528.800000 0.897197 nan
4529.600000 0.898118 nan
4530.400000 0.924139 nan
4531.200000 0.928771 nan
4532.000000 0.927272 nan
4532.800000 0.929694 nan
4533.600000 0.938097 nan
4534.400000 0.945848 nan
4535.200000 0.950367 nan
4536.000000 0.950525 nan
4536.800000 0.954019 nan
4537.600000 0.963989 nan
4538.400000 0.970998 nan
4539.200000 0.974350 nan
4540.000000 0.981198 nan
4540.800000 0.982612 nan
4541.600000 0.988052 nan
4542.400000 0.986895 nan
4543.200000 0.993435 nan
4544.000000 1.007021 nan
4544.800000 1.010910 nan
4545.600000 1.002554 nan
4546.400000 1.002342 nan
4547.200000 1.009172 nan
4548.000000 1.014014 nan
4548.800000 1.013006 nan
4549.600000 1.018167 nan
4550.400000 1.020199 nan
4551.200000 1.019537 nan
4552.000000 1.018118 nan
4552.800000 1.017353 nan
4553.600000 1.019691 nan
4554.400000 1.005900 nan
4555.200000 1.003067 nan
4556.000000 1.006483 nan
4556.800000 1.006712 nan
4557.600000 1.004019 nan
4558.400000 1.005808 nan
4559.200000 1.006258 nan
4560.000000 0.999932 nan
4560.800000 0.991957 nan
4561.600000 0.979474 nan
4562.400000 0.998215 nan
4563.200000 0.987860 nan
4564.000000 0.996009 nan
4564.800000 0.993378 nan
4565.600000 0.989667 nan
4566.400000 0.983388 nan
4567.200000 0.977670 nan
4568.000000 0.981667 nan
4568.800000 0.960895 nan
4569.600000 0.961463 nan
4570.400000 0.958590 nan
4571.200000 0.965347 nan
4572.000000 0.957731 nan
4572.800000 0.951997 nan
4573.600000 0.949376 nan
4574.400000 0.948268 nan
4575.200000 0.950770 nan
4576.000000 0.941850 nan
4576.800000 0.936351 nan
4577.600000 0.926162 nan
4578.400000 0.921853 nan
4579.200000 0.919301 nan
4580.000000 0.910172 nan
4580.800000 0.902198 nan
4581.600000 0.904235 nan
4582.400000 0.910386 nan
4583.200000 0.904843 nan
4584.000000 0.892762 nan
4584.800000 0.897673 nan
4585.600000 0.893828 nan
4586.400000 0.889907 nan
4587.200000 0.887465 nan
4588.000000 0.886331 nan
4588.800000 0.887666 nan
4589.600000 0.888006 nan
4590.400000 0.881610 nan
4591.200000 0.874347 nan
4592.000000 0.869141 nan
4592.800000 0.867884 nan
4593.600000 0.861217 nan
4594.400000 0.863943 nan
4595.200000 0.868414 nan
4596.000000 0.869651 nan
4596.800000 0.869458 nan
4597.600000 0.868173 nan
4598.400000 0.869784 nan
4599.200000 0.873960 nan
4600.000000 0.873624 nan
4600.800000 0.869770 nan
4601.600000 0.874903 nan
4602.400000 0.886679 nan
4603.200000 0.890445 nan
4604.000000 0.888588 nan
4604.800000 0.897194 nan
4605.600000 0.909141 nan
4606.400000 0.905376 nan
4607.200000 0.904248 nan
4608.000000 0.908694 nan
4608.800000 0.912698 nan
4609.600000 0.916911 nan
4610.400000 0.924546 nan
4611.200000 0.935310 nan
4612.000000 0.941491 nan
4612.800000 0.939222 nan
4613.600000 0.946058 nan
4614.400000 0.949508 nan
4615.200000 0.947470 nan
4616.000000 0.950757 nan
4616.800000 0.953533 nan
4617.600000 0.959490 nan
4618.400000 0.961720 nan
4619.200000 0.955991 nan
4620.000000 0.954741 nan
4620.800000 0.953013 nan
4621.600000 0.952395 nan
4622.400000 0.957990 nan
4623.200000 0.972321 nan
4624.000000 0.962927 nan
4624.800000 0.952756 nan
4625.600000 0.955456 nan
4626.400000 0.963583 nan
4627.200000 0.967037 nan
4628.000000 0.959627 nan
4628.800000 0.965337 nan
4629.600000 0.960329 nan
4630.400000 0.980905 nan
4631.200000 0.968111 nan
4632.000000 0.958467 nan
4632.800000 0.961669 nan
4633.600000 0.959969 nan
4634.400000 0.953885 nan
4635.200000 0.955089 nan
4636.000000 0.955993 nan
4636.800000 0.962851 nan
4637.600000 0.942181 nan
4638.400000 0.961391 nan
4639.200000 0.958454 nan
4640.000000 0.948783 nan
4640.800000 0.951943 nan
4641.600000 0.954830 nan
4642.400000 0.957707 nan
4643.200000 0.939558 nan
4644.000000 0.946804 nan
4644.800000 0.957584 nan
4645.600000 0.943885 nan
4646.400000 0.960814 nan
4647.200000 0.966446 nan
4648.000000 0.950072 nan
4648.800000 0.943470 nan
4649.600000 0.942659 nan
4650.400000 0.943191 nan
4651.200000 0.940922 nan
4652.000000 0.944376 nan
4652.800000 0.989160 nan
4653.600000 0.962284 nan
4654.400000 0.930151 nan
4655.200000 0.938697 nan
4656.000000 0.948482 nan
4656.800000 0.928782 nan
4657.600000 0.935187 nan
4658.400000 0.919017 nan
4659.200000 0.919728 nan
4660.000000 0.922342 nan
4660.800000 0.926499 nan
4661.600000 0.898600 nan
4662.400000 0.902717 nan
4663.200000 0.932569 nan
4664.000000 0.923397 nan
4664.800000 0.916074 nan
4665.600000 0.900775 nan
4666.400000 0.902568 nan
4667.200000 0.920525 nan
4668.000000 0.921877 nan
4668.800000 0.915857 nan
4669.600000 0.916193 nan
4670.400000 0.913405 nan
4671.200000 0.910316 nan
4672.000000 0.925996 nan
4672.800000 0.922854 nan
4673.600000 0.921538 nan
4674.400000 0.904647 nan
4675.200000 0.924727 nan
4676.000000 0.925464 nan
4676.800000 0.922669 nan
4677.600000 0.918234 nan
4678.400000 0.915040 nan
4679.200000 0.934021 nan
4680.000000 0.919794 nan
4680.800000 0.912811 nan
4681.600000 0.917529 nan
4682.400000 0.910021 nan
4683.200000 0.917447 nan
4684.000000 0.905772 nan
4684.800000 0.902791 nan
4685.600000 0.917202 nan
4686.400000 0.912478 nan
4687.200000 0.921097 nan
4688.000000 0.928840 nan
4688.800000 0.922815 nan
4689.600000 0.901524 nan
4690.400000 0.901288 nan
4691.200000 0.930218 nan
4692.000000 0.948200 nan
4692.800000 0.930619 nan
4693.600000 0.918775 nan
4694.400000 0.946619 nan
4695.200000 0.941495 nan
4696.000000 0.944899 nan
4696.800000 0.946448 nan
4697.600000 0.954798 nan
4698.400000 0.968733 nan
4699.200000 0.965946 nan
4700.000000 0.955248 nan
4700.800000 0.961511 nan
4701.600000 0.972468 nan
4702.400000 0.963107 nan
4703.200000 0.974559 nan
4704.000000 0.945037 nan
4704.800000 0.959539 nan
4705.600000 0.962413 nan
4706.400000 0.972118 nan
4707.200000 0.996463 nan
4708.000000 1.006183 nan
4708.800000 1.000040 nan
4709.600000 1.007113 nan
4710.400000 0.995903 nan
4711.200000 1.007289 nan
4712.000000 1.009120 nan
4712.800000 1.008381 nan
4713.600000 1.022591 nan
4714.400000 1.015638 nan
4715.200000 1.009489 nan
4716.000000 1.034050 nan
4716.800000 0.999278 nan
4717.600000 1.008801 nan
4718.400000 1.019885 nan
4719.200000 0.981843 nan
4720.000000 1.008099 nan
4720.800000 1.028489 nan
4721.600000 1.026808 nan
4722.400000 1.031519 nan
4723.200000 1.034558 nan
4724.000000 1.036222 nan
4724.800000 1.044178 nan
4725.600000 1.036389 nan
4726.400000 1.019285 nan
4727.200000 1.036646 nan
4728.000000 1.039894 nan
4728.800000 1.004604 nan
4729.600000 0.993971 nan
4730.400000 1.016687 nan
4731.200000 0.998701 nan
4732.000000 1.007771 nan
4732.800000 1.032811 nan
4733.600000 1.018600 nan
4734.400000 1.046546 nan
4735.200000 0.993447 nan
4736.000000 0.995380 nan
4736.800000 1.049292 nan
4737.600000 1.051694 nan
4738.400000 1.029866 nan
4739.200000 1.037030 nan
4740.000000 1.024070 nan
4740.800000 1.045248 nan
4741.600000 1.018018 nan
4742.400000 0.993138 nan
4743.200000 1.020464 nan
4744.000000 1.032507 nan
4744.800000 1.019961 nan
4745.600000 1.040694 nan
4746.400000 1.034216 nan
4747.200000 1.033814 nan
4748.000000 1.031646 nan
4748.800000 1.013400 nan
4749.600000 1.038183 nan
4750.400000 1.034673 nan
4751.200000 1.014446 nan
4752.000000 1.014879 nan
4752.800000 1.026216 nan
4753.600000 1.028397 nan
4754.400000 1.027102 nan
4755.200000 1.057180 nan
4756.000000 0.999065 nan
4756.800000 1.029450 nan
4757.600000 1.026776 nan
4758.400000 1.006637 nan
4759.200000 1.018752 nan
4760.000000 1.028999 nan
4760.800000 1.007019 nan
4761.600000 1.012837 nan
4762.400000 1.012256 nan
4763.200000 1.040024 nan
4764.000000 1.001608 nan
4764.800000 1.012195 nan
4765.600000 1.016070 nan
4766.400000 1.014093 nan
4767.200000 1.025546 nan
4768.000000 1.016105 nan
4768.800000 1.020378 nan
4769.600000 0.993116 nan
4770.400000 1.030538 nan
4771.200000 1.024009 nan
4772.000000 1.006414 nan
4772.800000 1.004781 nan
4773.600000 1.001155 nan
4774.400000 1.001984 nan
4775.200000 1.015210 nan
4776.000000 0.998332 nan
4776.800000 0.993927 nan
4777.600000 1.003580 nan
4778.400000 0.994647 nan
4779.200000 0.991105 nan
4780.000000 0.981610 nan
4780.800000 0.982722 nan
4781.600000 0.995390 nan
4782.400000 1.009234 nan
4783.200000 1.026886 nan
4784.000000 1.003690 nan
4784.800000 0.984941 nan
4785.600000 0.974087 nan
4786.400000 0.992447 nan
4787.200000 0.989877 nan
4788.000000 0.973494 nan
4788.800000 0.983609 nan
4789.600000 0.997671 nan
4790.400000 0.964083 nan
4791.200000 0.960148 nan
4792.000000 0.960166 nan
4792.800000 0.968292 nan
4793.600000 0.977050 nan
4794.400000 0.952719 nan
4795.200000 0.956932 nan
4796.000000 0.968235 nan
4796.800000 0.964810 nan
4797.600000 0.977079 nan
4798.400000 0.967196 nan
4799.200000 0.956958 nan
4800.000000 0.949563 nan
4800.800000 0.952881 nan
4801.600000 0.943943 nan
4802.400000 0.954418 nan
4803.200000 0.954869 nan
4804.000000 0.950156 nan
4804.800000 0.964509 nan
4805.600000 0.951698 nan
4806.400000 0.973585 nan
4807.200000 0.939476 nan
4808.000000 0.928555 nan
4808.800000 0.928808 nan
4809.600000 0.923193 nan
4810.400000 0.916941 nan
4811.200000 0.919723 nan
4812.000000 0.917496 nan
4812.800000 0.898531 nan
4813.600000 0.913739 nan
4814.400000 0.908613 nan
4815.200000 0.910523 nan
4816.000000 0.901971 nan
4816.800000 0.901439 nan
4817.600000 0.902904 nan
4818.400000 0.901813 nan
4819.200000 0.891582 nan
4820.000000 0.875488 nan
4820.800000 0.892298 nan
4821.600000 0.885268 nan
4822.400000 0.906869 nan
4823.200000 0.890113 nan
4824.000000 0.880986 nan
4824.800000 0.881967 nan
4825.600000 0.883564 nan
4826.400000 0.880126 nan
4827.200000 0.875589 nan
4828.000000 0.885508 nan
4828.800000 0.869120 nan
4829.600000 0.885494 nan
4830.400000 0.878228 nan
4831.200000 0.866718 nan
4832.000000 0.865761 nan
4832.800000 0.876975 nan
4833.600000 0.875672 nan
4834.400000 0.859518 nan
4835.200000 0.876798 nan
4836.000000 0.882579 nan
4836.800000 0.863778 nan
4837.600000 0.878032 nan
4838.400000 0.884669 nan
4839.200000 0.868156 nan
4840.000000 0.865213 nan
4840.800000 0.871151 nan
4841.600000 0.866248 nan
4842.400000 0.872205 nan
4843.200000 0.877402 nan
4844.000000 0.877873 nan
4844.800000 0.894624 nan
4845.600000 0.892517 nan
4846.400000 0.895513 nan
4847.200000 0.902725 nan
4848.000000 0.914967 nan
4848.800000 0.919772 nan
4849.600000 0.904137 nan
4850.400000 0.915860 nan
4851.200000 0.909000 nan
4852.000000 0.912552 nan
4852.800000 0.982774 nan
4853.600000 0.959527 nan
4854.400000 0.925419 nan
4855.200000 0.932998 nan
4856.000000 0.951274 nan
4856.800000 0.949623 nan
4857.600000 0.935961 nan
4858.400000 0.951999 nan
4859.200000 0.982363 nan
4860.000000 0.967812 nan
4860.800000 0.960442 nan
4861.600000 0.951994 nan
4862.400000 0.954804 nan
4863.200000 0.962510 nan
4864.000000 0.960016 nan
4864.800000 0.973795 nan
4865.600000 0.983303 nan
4866.400000 0.983262 nan
4867.200000 0.991982 nan
4868.000000 0.983670 nan
4868.800000 0.989767 nan
4869.600000 1.009473 nan
4870.400000 1.001688 nan
4871.200000 0.990281 nan
4872.000000 1.031436 nan
4872.800000 1.004105 nan
4873.600000 0.982989 nan
4874.400000 1.016116 nan
4875.200000 1.017846 nan
4876.000000 1.019042 nan
4876.800000 1.024505 nan
4877.600000 1.025513 nan
4878.400000 1.017845 nan
4879.200000 1.003893 nan
4880.000000 1.008050 nan
4880.800000 1.023859 nan
4881.600000 1.019107 nan
4882.400000 0.989251 nan
4883.200000 1.024689 nan
4884.000000 1.033440 nan
4884.800000 0.999182 nan
4885.600000 1.000327 nan
4886.400000 1.034610 nan
4887.200000 1.012285 nan
4888.000000 1.032476 nan
4888.800000 1.030450 nan
4889.600000 1.035450 nan
4890.400000 1.021826 nan
4891.200000 1.021274 nan
4892.000000 1.031308 nan
4892.800000 1.033696 nan
4893.600000 1.028657 nan
4894.400000 1.028464 nan
4895.200000 1.039243 nan
4896.000000 1.034905 nan
4896.800000 1.011784 nan
4897.600000 1.005971 nan
4898.400000 1.008580 nan
4899.200000 1.019061 nan
4900.000000 1.008991 nan
4900.800000 0.987583 nan
4901.600000 1.006632 nan
4902.400000 1.004843 nan
4903.200000 1.014878 nan
4904.000000 1.038046 nan
4904.800000 1.021102 nan
4905.600000 1.015182 nan
4906.400000 1.031005 nan
4907.200000 1.038999 nan
4908.000000 1.022900 nan
4908.800000 1.007457 nan
4909.600000 1.020313 nan
4910.400000 1.024708 nan
4911.200000 1.008078 nan
4912.000000 0.994935 nan
4912.800000 0.999559 nan
4913.600000 1.025070 nan
4914.400000 1.021698 nan
4915.200000 0.989204 nan
4916.000000 0.990031 nan
4916.800000 1.025111 nan
4917.600000 1.030245 nan
4918.400000 1.001027 nan
4919.200000 0.992930 nan
4920.000000 0.988785 nan
4920.800000 1.003259 nan
4921.600000 0.996346 nan
4922.400000 0.970140 nan
4923.200000 0.984711 nan
4924.000000 1.025395 nan
4924.800000 0.976359 nan
4925.600000 0.993423 nan
4926.400000 0.971042 nan
4927.200000 0.964000 nan
4928.000000 0.975187 nan
4928.800000 0.970926 nan
4929.600000 0.954928 nan
4930.400000 0.953991 nan
4931.200000 0.967711 nan
4932.000000 0.972254 nan
4932.800000 0.974133 nan
4933.600000 0.930583 nan
4934.400000 0.949601 nan
4935.200000 0.951525 nan
4936.000000 0.932459 nan
4936.800000 0.939121 nan
4937.600000 0.956209 nan
4938.400000 0.940365 nan
4939.200000 0.935385 nan
4940.000000 0.918807 nan
4940.800000 0.909955 nan
4941.600000 0.901397 nan
4942.400000 0.913918 nan
4943.200000 0.907087 nan
4944.000000 0.917480 nan
4944.800000 0.942321 nan
4945.600000 0.932938 nan
4946.400000 0.933609 nan
4947.200000 0.918018 nan
4948.000000 0.927582 nan
4948.800000 0.948192 nan
4949.600000 0.931206 nan
4950.400000 0.939209 nan
4951.200000 0.937003 nan
4952.000000 0.915725 nan
4952.800000 0.926348 nan
4953.600000 0.952237 nan
4954.400000 0.934214 nan
4955.200000 0.938221 nan
4956.000000 0.961550 nan
4956.800000 0.983892 nan
4957.600000 0.949243 nan
4958.400000 0.936444 nan
4959.200000 0.970256 nan
4960.000000 0.988043 nan
4960.800000 0.959306 nan
4961.600000 0.954682 nan
4962.400000 0.975828 nan
4963.200000 1.001114 nan
4964.000000 0.973651 nan
4964.800000 0.964699 nan
4965.600000 0.956994 nan
4966.400000 0.962602 nan
4967.200000 0.980786 nan
4968.000000 0.965731 nan
4968.800000 0.949449 nan
4969.600000 0.987992 nan
4970.400000 0.984904 nan
4971.200000 0.990496 nan
4972.000000 0.962409 nan
4972.800000 0.952586 nan
4973.600000 0.929631 nan
4974.400000 0.925379 nan
4975.200000 0.979331 nan
4976.000000 0.971860 nan
4976.800000 0.983008 nan
4977.600000 0.992222 nan
4978.400000 0.991864 nan
4979.200000 0.984174 nan
4980.000000 0.992111 nan
4980.800000 0.973316 nan
4981.600000 0.959497 nan
4982.400000 0.979438 nan
4983.200000 0.970959 nan
4984.000000 0.992557 nan
4984.800000 0.992635 nan
4985.600000 0.967331 nan
4986.400000 0.993544 nan
4987.200000 0.996959 nan
4988.000000 1.003258 nan
4988.800000 1.018973 nan
4989.600000 1.016350 nan
4990.400000 1.011143 nan
4991.200000 1.016115 nan
4992.000000 1.024160 nan
4992.800000 1.013449 nan
4993.600000 1.006246 nan
4994.400000 0.976473 nan
4995.200000 0.983782 nan
4996.000000 1.010580 nan
4996.800000 1.005902 nan
4997.600000 0.991587 nan
4998.400000 1.004069 nan
4999.200000 0.967985 nan
5000.000000 1.005541 nan
5000.800000 1.020725 nan
5001.600000 1.030963 nan
5002.400000 1.030631 nan
5003.200000 1.020375 nan
5004.000000 1.007082 nan
5004.800000 0.996742 nan
5005.600000 0.998114 nan
5006.400000 0.997087 nan
5007.200000 1.001647 nan
5008.000000 0.986251 nan
5008.800000 1.015134 nan
5009.600000 1.025938 nan
5010.400000 1.012674 nan
5011.200000 1.005694 nan
5012.000000 0.997944 nan
5012.800000 0.989217 nan
5013.600000 1.039150 nan
5014.400000 1.022358 nan
5015.200000 1.019957 nan
5016.000000 1.025486 nan
5016.800000 1.014746 nan
5017.600000 0.994404 nan
5018.400000 1.005142 nan
5019.200000 1.029969 nan
5020.000000 1.010675 nan
5020.800000 1.013789 nan
5021.600000 1.017490 nan
5022.400000 1.010593 nan
5023.200000 0.990641 nan
5024.000000 1.003443 nan
5024.800000 1.015182 nan
5025.600000 1.016271 nan
5026.400000 1.000905 nan
5027.200000 0.979277 nan
5028.000000 1.008435 nan
5028.800000 1.005679 nan
5029.600000 0.998754 nan
5030.400000 1.011517 nan
5031.200000 0.996739 nan
5032.000000 1.000876 nan
5032.800000 1.000285 nan
5033.600000 0.997179 nan
5034.400000 1.012958 nan
5035.200000 1.004027 nan
5036.000000 1.012642 nan
5036.800000 0.986578 nan
5037.600000 0.983636 nan
5038.400000 0.966667 nan
5039.200000 0.963689 nan
5040.000000 0.964430 nan
5040.800000 0.979141 nan
5041.600000 1.002013 nan
5042.400000 0.979309 nan
5043.200000 0.961132 nan
5044.000000 0.950971 nan
5044.800000 0.972918 nan
5045.600000 0.955758 nan
5046.400000 0.948922 nan
5047.200000 0.972602 nan
5048.000000 0.986853 nan
5048.800000 0.988133 nan
5049.600000 1.007548 nan
5050.400000 0.994747 nan
5051.200000 0.991374 nan
5052.000000 1.006436 nan
5052.800000 0.983775 nan
5053.600000 0.975158 nan
5054.400000 0.974735 nan
5055.200000 0.982143 nan
5056.000000 0.975514 nan
5056.800000 0.950749 nan
5057.600000 0.979737 nan
5058.400000 1.000275 nan
5059.200000 0.969901 nan
5060.000000 0.980247 nan
5060.800000 0.968225 nan
5061.600000 0.988860 nan
5062.400000 1.000110 nan
5063.200000 0.982532 nan
5064.000000 0.983577 nan
5064.800000 0.992923 nan
5065.600000 0.988627 nan
5066.400000 1.006338 nan
5067.200000 0.995126 nan
5068.000000 1.005348 nan
5068.800000 0.990013 nan
5069.600000 0.991728 nan
5070.400000 0.996679 nan
5071.200000 0.975763 nan
5072.000000 0.980325 nan
5072.800000 0.995170 nan
5073.600000 0.998651 nan
5074.400000 0.981388 nan
5075.200000 0.973190 nan
5076.000000 0.984650 nan
5076.800000 0.984684 nan
5077.600000 0.985812 nan
5078.400000 0.992173 nan
5079.200000 0.973800 nan
5080.000000 0.965660 nan
5080.800000 0.997808 nan
5081.600000 0.988693 nan
5082.400000 0.977622 nan
5083.200000 0.975724 nan
5084.000000 0.991271 nan
5084.800000 0.981661 nan
5085.600000 0.963087 nan
5086.400000 0.971450 nan
5087.200000 0.955848 nan
5088.000000 0.980549 nan
5088.800000 0.992279 nan
5089.600000 0.997100 nan
5090.400000 0.989281 nan
5091.200000 0.976869 nan
5092.000000 0.982410 nan
5092.800000 0.992120 nan
5093.600000 0.989508 nan
5094.400000 0.993762 nan
5095.200000 0.974522 nan
5096.000000 0.970141 nan
5096.800000 0.990167 nan
5097.600000 0.998654 nan
5098.400000 0.993136 nan
5099.200000 0.990709 nan
5100.000000 0.993844 nan
5100.800000 1.001502 nan
5101.600000 1.015150 nan
5102.400000 1.015211 nan
5103.200000 1.006639 nan
5104.000000 0.998191 nan
5104.800000 0.966359 nan
5105.600000 0.982017 nan
5106.400000 1.019081 nan
5107.200000 1.024603 nan
5108.000000 1.005524 nan
5108.800000 1.009651 nan
5109.600000 1.025600 nan
5110.400000 1.017383 nan
5111.200000 1.001552 nan
5112.000000 0.975694 nan
5112.800000 1.007100 nan
5113.600000 1.000571 nan
5114.400000 1.006835 nan
5115.200000 1.011942 nan
5116.000000 0.980676 nan
5116.800000 1.062464 nan
5117.600000 1.030286 nan
5118.400000 0.984059 nan
5119.200000 0.982673 nan
5120.000000 1.002894 nan
5120.800000 1.018017 nan
5121.600000 0.997785 nan
5122.400000 0.983303 nan
5123.200000 1.001478 nan
5124.000000 0.992485 nan
5124.800000 0.992848 nan
5125.600000 0.981489 nan
5126.400000 0.984137 nan
5127.200000 1.007458 nan
5128.000000 1.016148 nan
5128.800000 1.012395 nan
5129.600000 0.984764 nan
5130.400000 0.950271 nan
5131.200000 0.962694 nan
5132.000000 0.993215 nan
5132.800000 0.994024 nan
5133.600000 0.984191 nan
5134.400000 0.982660 nan
5135.200000 0.975767 nan
5136.000000 0.973655 nan
5136.800000 0.965787 nan
5137.600000 0.954906 nan
5138.400000 0.961662 nan
5139.200000 0.964082 nan
5140.000000 0.955198 nan
5140.800000 0.953300 nan
5141.600000 0.948877 nan
5142.400000 0.961661 nan
5143.200000 0.946087 nan
5144.000000 0.934496 nan
5144.800000 0.937176 nan
5145.600000 0.932566 nan
5146.400000 0.949322 nan
5147.200000 0.947650 nan
5148.000000 0.934704 nan
5148.800000 0.934971 nan
5149.600000 0.935012 nan
5150.400000 0.938862 nan
5151.200000 0.930059 nan
5152.000000 0.916502 nan
5152.800000 0.934257 nan
5153.600000 0.968347 nan
5154.400000 0.919638 nan
5155.200000 0.895793 nan
5156.000000 0.916393 nan
5156.800000 0.893437 nan
5157.600000 0.919836 nan
5158.400000 0.925366 nan
5159.200000 0.910734 nan
5160.000000 0.916984 nan
5160.800000 0.905101 nan
5161.600000 0.905418 nan
5162.400000 0.920408 nan
5163.200000 0.895323 nan
5164.000000 0.904692 nan
5164.800000 0.907900 nan
5165.600000 0.909571 nan
5166.400000 0.912318 nan
5167.200000 0.913588 nan
5168.000000 0.911945 nan
5168.800000 0.894708 nan
5169.600000 0.909409 nan
5170.400000 0.915295 nan
5171.200000 0.886417 nan
5172.000000 0.892724 nan
5172.800000 0.898340 nan
5173.600000 0.891696 nan
5174.400000 0.893518 nan
5175.200000 0.900167 nan
5176.000000 0.890256 nan
5176.800000 0.897470 nan
5177.600000 0.898609 nan
5178.400000 0.889298 nan
5179.200000 0.883224 nan
5180.000000 0.876664 nan
5180.800000 0.883507 nan
5181.600000 0.890061 nan
5182.400000 0.877006 nan
5183.200000 0.870023 nan
5184.000000 0.883559 nan
5184.800000 0.870094 nan
5185.600000 0.854106 nan
5186.400000 0.869055 nan
5187.200000 0.868392 nan
5188.000000 0.867918 nan
5188.800000 0.875199 nan
5189.600000 0.870248 nan
5190.400000 0.860777 nan
5191.200000 0.878501 nan
5192.000000 0.870479 nan
5192.800000 0.874520 nan
5193.600000 0.873364 nan
5194.400000 0.876905 nan
5195.200000 0.877915 nan
5196.000000 0.874947 nan
5196.800000 0.879180 nan
5197.600000 0.891124 nan
5198.400000 0.892328 nan
5199.200000 0.892066 nan
5200.000000 0.897571 nan
5200.800000 0.900056 nan
5201.600000 0.901309 nan
5202.400000 0.906912 nan
5203.200000 0.913167 nan
5204.000000 0.916537 nan
5204.800000 0.918004 nan
5205.600000 0.910587 nan
5206.400000 0.891117 nan
5207.200000 0.924352 nan
5208.000000 0.936022 nan
5208.800000 0.940707 nan
5209.600000 0.909279 nan
5210.400000 0.921160 nan
5211.200000 0.948041 nan
5212.000000 0.933973 nan
5212.800000 0.944626 nan
5213.600000 0.939643 nan
5214.400000 0.954853 nan
5215.200000 0.961449 nan
5216.000000 0.936530 nan
5216.800000 0.941154 nan
5217.600000 0.963191 nan
5218.400000 0.951879 nan
5219.200000 0.929269 nan
5220.000000 0.944061 nan
5220.800000 0.942587 nan
5221.600000 0.970747 nan
5222.400000 0.945657 nan
5223.200000 0.991274 nan
5224.000000 0.975339 nan
5224.800000 0.952792 nan
5225.600000 0.965337 nan
5226.400000 0.965770 nan
5227.200000 0.941742 nan
5228.000000 0.960229 nan
5228.800000 0.952246 nan
5229.600000 0.946617 nan
5230.400000 0.951363 nan
5231.200000 0.965276 nan
5232.000000 0.963195 nan
5232.800000 0.973675 nan
5233.600000 0.983331 nan
5234.400000 0.963907 nan
5235.200000 0.967749 nan
5236.000000 0.989384 nan
5236.800000 0.981633 nan
5237.600000 0.987556 nan
5238.400000 0.977600 nan
5239.200000 0.978845 nan
5240.000000 0.970288 nan
5240.800000 0.964699 nan
5241.600000 0.985780 nan
5242.400000 0.992405 nan
5243.200000 0.961604 nan
5244.000000 0.980475 nan
5244.800000 0.993609 nan
5245.600000 0.978196 nan
5246.400000 0.980119 nan
5247.200000 0.980262 nan
5248.000000 0.974021 nan
5248.800000 0.972057 nan
5249.600000 0.965915 nan
5250.400000 0.959356 nan
5251.200000 0.970961 nan
5252.000000 0.962619 nan
5252.800000 0.990282 nan
5253.600000 0.984159 nan
5254.400000 0.975579 nan
5255.200000 0.992730 nan
5256.000000 0.998940 nan
5256.800000 0.980196 nan
5257.600000 1.000686 nan
5258.400000 0.970516 nan
5259.200000 0.967835 nan
5260.000000 0.970596 nan
5260.800000 0.967183 nan
5261.600000 0.982419 nan
5262.400000 0.978199 nan
5263.200000 0.966621 nan
5264.000000 0.976557 nan
5264.800000 0.972733 nan
5265.600000 0.995248 nan
5266.400000 0.998146 nan
5267.200000 0.967081 nan
5268.000000 0.965922 nan
5268.800000 0.978433 nan
5269.600000 0.961785 nan
5270.400000 0.963688 nan
5271.200000 0.994748 nan
5272.000000 0.981813 nan
5272.800000 0.996438 nan
5273.600000 0.998171 nan
5274.400000 0.964738 nan
5275.200000 0.972104 nan
5276.000000 0.969430 nan
5276.800000 0.977737 nan
5277.600000 0.986019 nan
5278.400000 0.974046 nan
5279.200000 0.965537 nan
5280.000000 0.967068 nan
5280.800000 0.961326 nan
5281.600000 0.987271 nan
5282.400000 0.968293 nan
5283.200000 0.970173 nan
5284.000000 0.960141 nan
5284.800000 0.971333 nan
5285.600000 0.994382 nan
5286.400000 0.980698 nan
5287.200000 0.991541 nan
5288.000000 0.984598 nan
5288.800000 0.965227 nan
5289.600000 0.986812 nan
5290.400000 0.997355 nan
5291.200000 0.995137 nan
5292.000000 0.977861 nan
5292.800000 0.964798 nan
5293.600000 0.961740 nan
5294.400000 0.950902 nan
5295.200000 0.999294 nan
5296.000000 0.982720 nan
5296.800000 0.994491 nan
5297.600000 0.982938 nan
5298.400000 0.994756 nan
5299.200000 1.007906 nan
5300.000000 0.997022 nan
5300.800000 0.982022 nan
5301.600000 0.984354 nan
5302.400000 0.983644 nan
5303.200000 0.964368 nan
5304.000000 0.992963 nan
5304.800000 0.995715 nan
5305.600000 0.979527 nan
5306.400000 0.975966 nan
5307.200000 0.970793 nan
5308.000000 0.967667 nan
5308.800000 0.986848 nan
5309.600000 0.985619 nan
5310.400000 0.977171 nan
5311.200000 0.992502 nan
5312.000000 0.991291 nan
5312.800000 0.980854 nan
5313.600000 1.003691 nan
5314.400000 1.004759 nan
5315.200000 0.983943 nan
5316.000000 0.992145 nan
5316.800000 0.994502 nan
5317.600000 1.008397 nan
5318.400000 0.972996 nan
5319.200000 0.990843 nan
5320.000000 0.991457 nan
5320.800000 0.995939 nan
5321.600000 0.997517 nan
5322.400000 0.999802 nan
5323.200000 1.008171 nan
5324.000000 0.997016 nan
5324.800000 0.996096 nan
5325.600000 0.991991 nan
5326.400000 1.012415 nan
5327.200000 1.003644 nan
5328.000000 1.001319 nan
5328.800000 1.005182 nan
5329.600000 1.008331 nan
5330.400000 1.007015 nan
5331.200000 0.996287 nan
5332.000000 0.992721 nan
5332.800000 0.974720 nan
5333.600000 0.999687 nan
5334.400000 1.045480 nan
5335.200000 1.019034 nan
5336.000000 0.994686 nan
5336.800000 0.994414 nan
5337.600000 0.994383 nan
5338.400000 0.997437 nan
5339.200000 1.001391 nan
5340.000000 1.008987 nan
5340.800000 0.991448 nan
5341.600000 0.996290 nan
5342.400000 0.986606 nan
5343.200000 0.991577 nan
5344.000000 1.001460 nan
5344.800000 1.004356 nan
5345.600000 1.009113 nan
5346.400000 1.001690 nan
5347.200000 0.983953 nan
5348.000000 0.994349 nan
5348.800000 1.039134 nan
5349.600000 1.014775 nan
5350.400000 1.016654 nan
5351.200000 0.993224 nan
5352.000000 0.978191 nan
5352.800000 1.015499 nan
5353.600000 1.003389 nan
5354.400000 0.992347 nan
5355.200000 0.994851 nan
5356.000000 0.986506 nan
5356.800000 0.993621 nan
5357.600000 1.006260 nan
5358.400000 1.001905 nan
5359.200000 0.998305 nan
5360.000000 1.000132 nan
5360.800000 0.989737 nan
5361.600000 1.003774 nan
5362.400000 1.018557 nan
5363.200000 0.993114 nan
5364.000000 1.000389 nan
5364.800000 1.002090 nan
5365.600000 1.005416 nan
5366.400000 1.001296 nan
5367.200000 0.995622 nan
5368.000000 1.008460 nan
5368.800000 1.008533 nan
5369.600000 1.003254 nan
5370.400000 1.015137 nan
5371.200000 1.004419 nan
5372.000000 0.983652 nan
5372.800000 1.000164 nan
5373.600000 0.997137 nan
5374.400000 0.989302 nan
5375.200000 1.019937 nan
5376.000000 1.007828 nan
5376.800000 0.993700 nan
5377.600000 0.993865 nan
5378.400000 0.983898 nan
5379.200000 0.996583 nan
5380.000000 0.997193 nan
5380.800000 1.009188 nan
5381.600000 1.013403 nan
5382.400000 0.989869 nan
5383.200000 0.987230 nan
5384.000000 0.991581 nan
5384.800000 1.012836 nan
5385.600000 1.001250 nan
5386.400000 0.972653 nan
5387.200000 0.978182 nan
5388.000000 0.999388 nan
5388.800000 0.998778 nan
5389.600000 0.990285 nan
5390.400000 0.985316 nan
5391.200000 0.951843 nan
5392.000000 1.010180 nan
5392.800000 0.971209 nan
5393.600000 0.996363 nan
5394.400000 1.006699 nan
5395.200000 0.992510 nan
5396.000000 0.981317 nan
5396.800000 0.980750 nan
5397.600000 0.981955 nan
5398.400000 0.979786 nan
5399.200000 1.003305 nan
5400.000000 0.995671 nan
5400.800000 1.009062 nan
5401.600000 0.995660 nan
5402.400000 1.002365 nan
5403.200000 1.015336 nan
5404.000000 1.002021 nan
5404.800000 0.984354 nan
5405.600000 0.996229 nan
5406.400000 1.005915 nan
5407.200000 0.991371 nan
5408.000000 0.990865 nan
5408.800000 0.993504 nan
5409.600000 0.996345 nan
5410.400000 0.998917 nan
5411.200000 0.996641 nan
5412.000000 0.993492 nan
5412.800000 0.997698 nan
5413.600000 0.998096 nan
5414.400000 1.012488 nan
5415.200000 1.005529 nan
5416.000000 0.979118 nan
5416.800000 1.006578 nan
5417.600000 1.018138 nan
5418.400000 1.001370 nan
5419.200000 0.996037 nan
5420.000000 0.997775 nan
5420.800000 0.997966 nan
5421.600000 1.001426 nan
5422.400000 0.998324 nan
5423.200000 0.973013 nan
5424.000000 1.004731 nan
5424.800000 1.006615 nan
5425.600000 1.000209 nan
5426.400000 0.999107 nan
5427.200000 0.974391 nan
5428.000000 0.992293 nan
5428.800000 1.006343 nan
5429.600000 0.989295 nan
5430.400000 0.987421 nan
5431.200000 0.981929 nan
5432.000000 0.974933 nan
5432.800000 0.990603 nan
5433.600000 1.006280 nan
5434.400000 0.995143 nan
5435.200000 0.986443 nan
5436.000000 0.969678 nan
5436.800000 0.993577 nan
5437.600000 1.024762 nan
5438.400000 0.996424 nan
5439.200000 0.986790 nan
5440.000000 0.998091 nan
5440.800000 0.992870 nan
5441.600000 0.981071 nan
5442.400000 0.998224 nan
5443.200000 1.006557 nan
5444.000000 0.995237 nan
5444.800000 0.991681 nan
5445.600000 0.986620 nan
5446.400000 0.981164 nan
5447.200000 0.990978 nan
5448.000000 0.990296 nan
5448.800000 0.986623 nan
5449.600000 0.988051 nan
5450.400000 0.938473 nan
5451.200000 1.010069 nan
5452.000000 0.998442 nan
5452.800000 0.998846 nan
5453.600000 0.966852 nan
5454.400000 0.985877 nan
5455.200000 1.001379 nan
5456.000000 0.995066 nan
5456.800000 1.018428 nan
5457.600000 0.995749 nan
5458.400000 0.972795 nan
5459.200000 0.988476 nan
5460.000000 0.979135 nan
5460.800000 0.981086 nan
5461.600000 0.993030 nan
5462.400000 1.004150 nan
5463.200000 1.015233 nan
5464.000000 1.011615 nan
5464.800000 0.979067 nan
5465.600000 0.982499 nan
5466.400000 1.022043 nan
5467.200000 0.987921 nan
5468.000000 0.997236 nan
5468.800000 1.004892 nan
5469.600000 1.006647 nan
5470.400000 0.998126 nan
5471.200000 0.974672 nan
5472.000000 0.980967 nan
5472.800000 1.030025 nan
5473.600000 0.976666 nan
5474.400000 0.982817 nan
5475.200000 0.995625 nan
5476.000000 0.991322 nan
5476.800000 0.978232 nan
5477.600000 0.987161 nan
5478.400000 1.004882 nan
5479.200000 0.997491 nan
5480.000000 1.006579 nan
5480.800000 1.006890 nan
5481.600000 0.995534 nan
5482.400000 1.001228 nan
5483.200000 0.993260 nan
5484.000000 1.016700 nan
5484.800000 1.021291 nan
5485.600000 0.991664 nan
5486.400000 0.991444 nan
5487.200000 1.013297 nan
5488.000000 1.005785 nan
5488.800000 0.992711 nan
5489.600000 0.998414 nan
5490.400000 1.008130 nan
5491.200000 0.992527 nan
5492.000000 1.009691 nan
5492.800000 1.021776 nan
5493.600000 0.990652 nan
5494.400000 0.998197 nan
5495.200000 0.996120 nan
5496.000000 1.018291 nan
5496.800000 1.014468 nan
5497.600000 0.993261 nan
5498.400000 0.983425 nan
5499.200000 0.978334 nan
5500.000000 0.997148 nan
5500.800000 1.017989 nan
5501.600000 0.996766 nan
5502.400000 1.019135 nan
5503.200000 1.004582 nan
5504.000000 0.987406 nan
5504.800000 1.017402 nan
5505.600000 1.010074 nan
5506.400000 1.023235 nan
5507.200000 1.010218 nan
5508.000000 0.991977 nan
5508.800000 1.043181 nan
5509.600000 1.015367 nan
5510.400000 0.971971 nan
5511.200000 0.989215 nan
5512.000000 0.993530 nan
5512.800000 0.979987 nan
5513.600000 1.014819 nan
5514.400000 1.027024 nan
5515.200000 0.998256 nan
5516.000000 0.999391 nan
5516.800000 1.007418 nan
5517.600000 1.007333 nan
5518.400000 0.996818 nan
5519.200000 1.009766 nan
5520.000000 0.997921 nan
5520.800000 0.996888 nan
5521.600000 0.997296 nan
5522.400000 0.990310 nan
5523.200000 0.993368 nan
5524.000000 1.004924 nan
5524.800000 0.998386 nan
5525.600000 1.005494 nan
5526.400000 0.985545 nan
5527.200000 0.995368 nan
5528.000000 0.993965 nan
5528.800000 0.983443 nan
5529.600000 0.997176 nan
5530.400000 0.999614 nan
5531.200000 0.955385 nan
5532.000000 0.970130 nan
5532.800000 0.971431 nan
5533.600000 1.010201 nan
5534.400000 0.985723 nan
5535.200000 1.005928 nan
5536.000000 0.989570 nan
5536.800000 0.971726 nan
5537.600000 0.974306 nan
5538.400000 0.953190 nan
5539.200000 0.970630 nan
5540.000000 0.988646 nan
5540.800000 0.991022 nan
5541.600000 0.986556 nan
5542.400000 0.978770 nan
5543.200000 0.978373 nan
5544.000000 0.981939 nan
5544.800000 0.983359 nan
5545.600000 0.980339 nan
5546.400000 0.974825 nan
5547.200000 0.980343 nan
5548.000000 0.982929 nan
5548.800000 1.007574 nan
5549.600000 0.982655 nan
5550.400000 0.985234 nan
5551.200000 0.999132 nan
5552.000000 1.002327 nan
5552.800000 0.988108 nan
5553.600000 0.960904 nan
5554.400000 0.997466 nan
5555.200000 0.988874 nan
5556.000000 1.012918 nan
5556.800000 1.002790 nan
5557.600000 1.000661 nan
5558.400000 0.997193 nan
5559.200000 1.010719 nan
5560.000000 1.030452 nan
5560.800000 1.002091 nan
5561.600000 0.990324 nan
5562.400000 1.037300 nan
5563.200000 1.036207 nan
5564.000000 1.037831 nan
5564.800000 0.997659 nan
5565.600000 0.996834 nan
5566.400000 1.017560 nan
5567.200000 1.007063 nan
5568.000000 0.989908 nan
5568.800000 0.994138 nan
5569.600000 0.967019 nan
5570.400000 0.999143 nan
5571.200000 1.008411 nan
5572.000000 1.016572 nan
5572.800000 1.008157 nan
5573.600000 1.007795 nan
5574.400000 1.001912 nan
5575.200000 0.987510 nan
5576.000000 1.018868 nan
5576.800000 1.011713 nan
5577.600000 1.012454 nan
5578.400000 1.029473 nan
5579.200000 1.012407 nan
5580.000000 0.999725 nan
5580.800000 1.006176 nan
5581.600000 1.012395 nan
5582.400000 1.020747 nan
5583.200000 1.039170 nan
5584.000000 1.007312 nan
5584.800000 0.997172 nan
5585.600000 0.995197 nan
5586.400000 1.002828 nan
5587.200000 1.010410 nan
5588.000000 1.012564 nan
5588.800000 1.009383 nan
5589.600000 1.004094 nan
5590.400000 1.002503 nan
5591.200000 1.005717 nan
5592.000000 1.003860 nan
5592.800000 1.002774 nan
5593.600000 0.997748 nan
5594.400000 0.997128 nan
5595.200000 1.007783 nan
5596.000000 1.002094 nan
5596.800000 1.006003 nan
5597.600000 1.043725 nan
5598.400000 1.019530 nan
5599.200000 0.979042 nan
5600.000000 0.995716 nan
5600.800000 0.989093 nan
5601.600000 0.998009 nan
5602.400000 0.994989 nan
5603.200000 1.003266 nan
5604.000000 1.012464 nan
5604.800000 0.993710 nan
5605.600000 0.988813 nan
5606.400000 1.000939 nan
5607.200000 0.970406 nan
5608.000000 0.979161 nan
5608.800000 0.978450 nan
5609.600000 0.939424 nan
5610.400000 0.949000 nan
5611.200000 0.969063 nan
5612.000000 0.964102 nan
5612.800000 0.997664 nan
5613.600000 0.978255 nan
5614.400000 0.979458 nan
5615.200000 0.988914 nan
5616.000000 1.006144 nan
5616.800000 1.025145 nan
5617.600000 1.017315 nan
5618.400000 1.001207 nan
5619.200000 1.000229 nan
5620.000000 1.007345 nan
5620.800000 1.013647 nan
5621.600000 0.993328 nan
5622.400000 1.020071 nan
5623.200000 0.998174 nan
5624.000000 1.009110 nan
5624.800000 1.024626 nan
5625.600000 1.022927 nan
5626.400000 1.011102 nan
5627.200000 1.004077 nan
5628.000000 1.013680 nan
5628.800000 0.994864 nan
5629.600000 1.014819 nan
5630.400000 1.027307 nan
5631.200000 1.024895 nan
5632.000000 1.017185 nan
5632.800000 1.012173 nan
5633.600000 1.002968 nan
5634.400000 0.991996 nan
5635.200000 0.998968 nan
5636.000000 1.005280 nan
5636.800000 0.986640 nan
5637.600000 1.019037 nan
5638.400000 1.023822 nan
5639.200000 1.004041 nan
5640.000000 1.008988 nan
5640.800000 1.028061 nan
5641.600000 1.030214 nan
5642.400000 1.027821 nan
5643.200000 1.033685 nan
5644.000000 1.028319 nan
5644.800000 1.043022 nan
5645.600000 1.053166 nan
5646.400000 1.022214 nan
5647.200000 1.010123 nan
5648.000000 1.007305 nan
5648.800000 1.012315 nan
5649.600000 1.039146 nan
5650.400000 1.016332 nan
5651.200000 1.014733 nan
5652.000000 0.993389 nan
5652.800000 1.004512 nan
5653.600000 1.013489 nan
5654.400000 1.010144 nan
5655.200000 1.003746 nan
5656.000000 1.005246 nan
5656.800000 1.008167 nan
5657.600000 1.000779 nan
5658.400000 1.010605 nan
5659.200000 0.961155 nan
5660.000000 0.999843 nan
5660.800000 1.001206 nan
5661.600000 1.014370 nan
5662.400000 1.021644 nan
5663.200000 1.014059 nan
5664.000000 1.017721 nan
5664.800000 1.019295 nan
5665.600000 1.020769 nan
5666.400000 1.022617 nan
5667.200000 1.017703 nan
5668.000000 1.026179 nan
5668.800000 1.027154 nan
5669.600000 1.038120 nan
5670.400000 1.039828 nan
5671.200000 1.027945 nan
5672.000000 1.039724 nan
5672.800000 1.045404 nan
5673.600000 1.045851 nan
5674.400000 1.039923 nan
5675.200000 1.031101 nan
5676.000000 1.038315 nan
5676.800000 1.051049 nan
5677.600000 1.045654 nan
5678.400000 1.033154 nan
5679.200000 1.033665 nan
5680.000000 1.025656 nan
5680.800000 1.029881 nan
5681.600000 1.032054 nan
5682.400000 1.042757 nan
5683.200000 1.037811 nan
5684.000000 1.041328 nan
5684.800000 1.034962 nan
5685.600000 1.028070 nan
5686.400000 1.048714 nan
5687.200000 1.059920 nan
5688.000000 1.043002 nan
5688.800000 1.033114 nan
5689.600000 1.032680 nan
5690.400000 1.031718 nan
5691.200000 1.044706 nan
5692.000000 1.041270 nan
5692.800000 1.031671 nan
5693.600000 1.038692 nan
5694.400000 1.037160 nan
5695.200000 1.030634 nan
5696.000000 1.025093 nan
5696.800000 1.013442 nan
5697.600000 1.011052 nan
5698.400000 1.002060 nan
5699.200000 0.993757 nan
5700.000000 0.994412 nan
5700.800000 0.990388 nan
5701.600000 0.975658 nan
5702.400000 0.982379 nan
5703.200000 0.992363 nan
5704.000000 0.981628 nan
5704.800000 0.975174 nan
5705.600000 0.976171 nan
5706.400000 0.981325 nan
5707.200000 0.981017 nan
5708.000000 0.972326 nan
5708.800000 0.963669 nan
5709.600000 0.961683 nan
5710.400000 0.965104 nan
5711.200000 0.958025 nan
5712.000000 0.950679 nan
5712.800000 0.947696 nan
5713.600000 0.949918 nan
5714.400000 0.945372 nan
5715.200000 0.932984 nan
5716.000000 0.924488 nan
5716.800000 0.920297 nan
5717.600000 0.910880 nan
5718.400000 0.911132 nan
5719.200000 0.914444 nan
5720.000000 0.913613 nan
5720.800000 0.912388 nan
5721.600000 0.918091 nan
5722.400000 0.918576 nan
5723.200000 0.905952 nan
5724.000000 0.897111 nan
5724.800000 0.894251 nan
5725.600000 0.895838 nan
5726.400000 0.892256 nan
5727.200000 0.885623 nan
5728.000000 0.877032 nan
5728.800000 0.871181 nan
5729.600000 0.873555 nan
5730.400000 0.883541 nan
5731.200000 0.893516 nan
5732.000000 0.897339 nan
5732.800000 0.889159 nan
5733.600000 0.889271 nan
5734.400000 0.888801 nan
5735.200000 0.890576 nan
5736.000000 0.892515 nan
5736.800000 0.888270 nan
5737.600000 0.883679 nan
5738.400000 0.887086 nan
5739.200000 0.891823 nan
5740.000000 0.904573 nan
5740.800000 0.907098 nan
5741.600000 0.913261 nan
5742.400000 0.921182 nan
5743.200000 0.919649 nan
5744.000000 0.923082 nan
5744.800000 0.927598 nan
5745.600000 0.921977 nan
5746.400000 0.924741 nan
5747.200000 0.931226 nan
5748.000000 0.928110 nan
5748.800000 0.935443 nan
5749.600000 0.950405 nan
5750.400000 0.948457 nan
5751.200000 0.949002 nan
5752.000000 0.955414 nan
5752.800000 0.959726 nan
5753.600000 0.970840 nan
5754.400000 0.970088 nan
5755.200000 0.940602 nan
5756.000000 0.966433 nan
5756.800000 0.970504 nan
5757.600000 0.972851 nan
5758.400000 0.977781 nan
5759.200000 0.985737 nan
5760.000000 0.992315 nan
5760.800000 0.990012 nan
5761.600000 0.994383 nan
5762.400000 0.985797 nan
5763.200000 0.991589 nan
5764.000000 0.995667 nan
5764.800000 0.994427 nan
5765.600000 0.994170 nan
5766.400000 0.993974 nan
5767.200000 0.998818 nan
5768.000000 1.011235 nan
5768.800000 1.014016 nan
5769.600000 1.012320 nan
5770.400000 1.014221 nan
5771.200000 1.015224 nan
5772.000000 1.009453 nan
5772.800000 1.001477 nan
5773.600000 1.012848 nan
5774.400000 1.026418 nan
5775.200000 1.012182 nan
5776.000000 0.997934 nan
5776.800000 1.014266 nan
5777.600000 1.019309 nan
5778.400000 1.024141 nan
5779.200000 1.017929 nan
5780.000000 1.018772 nan
5780.800000 1.025116 nan
5781.600000 1.026512 nan
5782.400000 1.030996 nan
5783.200000 1.043231 nan
5784.000000 1.028998 nan
5784.800000 1.032448 nan
5785.600000 1.034549 nan
5786.400000 1.022431 nan
5787.200000 1.027287 nan
5788.000000 1.026990 nan
5788.800000 1.025567 nan
5789.600000 1.030687 nan
5790.400000 1.028201 nan
5791.200000 1.025703 nan
5792.000000 1.017553 nan
5792.800000 1.032638 nan
5793.600000 1.018917 nan
5794.400000 1.018475 nan
5795.200000 1.030495 nan
5796.000000 1.026008 nan
5796.800000 1.026501 nan
5797.600000 1.050396 nan
5798.400000 1.038931 nan
5799.200000 1.019938 nan
5800.000000 1.011559 nan
5800.800000 1.017517 nan
5801.600000 1.024873 nan
5802.400000 1.025280 nan
5803.200000 1.037047 nan
5804.000000 1.035918 nan
5804.800000 1.015788 nan
5805.600000 1.027038 nan
5806.400000 1.015702 nan
5807.200000 0.984413 nan
5808.000000 1.010806 nan
5808.800000 1.028112 nan
5809.600000 1.019661 nan
5810.400000 1.018366 nan
5811.200000 1.031522 nan
5812.000000 1.006287 nan
5812.800000 0.955722 nan
5813.600000 1.022678 nan
5814.400000 1.027251 nan
5815.200000 1.028561 nan
5816.000000 1.022198 nan
5816.800000 1.014418 nan
5817.600000 1.014689 nan
5818.400000 1.032599 nan
5819.200000 1.046926 nan
5820.000000 1.029476 nan
5820.800000 1.019942 nan
5821.600000 1.036386 nan
5822.400000 1.074712 nan
5823.200000 1.020463 nan
5824.000000 1.012360 nan
5824.800000 1.021297 nan
5825.600000 1.017127 nan
5826.400000 1.002823 nan
5827.200000 0.996322 nan
5828.000000 1.018168 nan
5828.800000 1.033662 nan
5829.600000 1.019413 nan
5830.400000 1.003345 nan
5831.200000 1.014326 nan
5832.000000 1.014432 nan
5832.800000 1.021741 nan
5833.600000 1.028039 nan
5834.400000 1.016920 nan
5835.200000 1.019583 nan
5836.000000 1.011933 nan
5836.800000 1.018169 nan
5837.600000 1.016537 nan
5838.400000 1.017853 nan
5839.200000 1.010094 nan
5840.000000 1.005869 nan
5840.800000 0.998376 nan
5841.600000 0.998552 nan
5842.400000 1.022184 nan
5843.200000 1.008077 nan
5844.000000 1.009180 nan
5844.800000 1.027847 nan
5845.600000 1.005945 nan
5846.400000 0.996852 nan
5847.200000 1.012742 nan
5848.000000 1.026372 nan
5848.800000 1.017361 nan
5849.600000 1.002950 nan
5850.400000 1.016121 nan
5851.200000 1.026088 nan
5852.000000 1.004770 nan
5852.800000 1.037990 nan
5853.600000 0.999338 nan
5854.400000 0.993133 nan
5855.200000 0.997400 nan
5856.000000 0.990253 nan
5856.800000 1.000676 nan
5857.600000 0.999645 nan
5858.400000 1.014467 nan
5859.200000 1.012114 nan
5860.000000 1.030843 nan
5860.800000 0.997098 nan
5861.600000 1.002440 nan
5862.400000 1.008523 nan
5863.200000 0.995145 nan
5864.000000 0.994861 nan
5864.800000 0.995254 nan
5865.600000 0.977582 nan
5866.400000 0.954322 nan
5867.200000 1.045763 nan
5868.000000 1.047431 nan
5868.800000 1.005353 nan
5869.600000 1.004036 nan
5870.400000 1.008931 nan
5871.200000 0.997174 nan
5872.000000 1.007164 nan
5872.800000 1.008208 nan
5873.600000 1.007680 nan
5874.400000 0.990093 nan
5875.200000 0.999472 nan
5876.000000 0.995776 nan
5876.800000 1.012203 nan
5877.600000 1.013967 nan
5878.400000 0.987964 nan
5879.200000 0.991854 nan
5880.000000 1.021557 nan
5880.800000 1.019113 nan
5881.600000 1.000545 nan
5882.400000 1.007223 nan
5883.200000 1.022868 nan
5884.000000 1.003652 nan
5884.800000 0.997702 nan
5885.600000 1.002123 nan
5886.400000 0.990668 nan
5887.200000 1.004348 nan
5888.000000 1.000427 nan
5888.800000 1.025325 nan
5889.600000 0.982588 nan
5890.400000 0.987992 nan
5891.200000 1.005301 nan
5892.000000 1.013478 nan
5892.800000 1.007884 nan
5893.600000 0.989481 nan
5894.400000 0.980424 nan
5895.200000 0.988308 nan
5896.000000 0.967673 nan
5896.800000 0.966162 nan
5897.600000 0.985417 nan
5898.400000 0.979719 nan
5899.200000 0.996008 nan
5900.000000 0.993345 nan
5900.800000 0.979042 nan
5901.600000 1.017997 nan
5902.400000 0.982449 nan
5903.200000 0.962401 nan
5904.000000 0.994362 nan
5904.800000 0.980890 nan
5905.600000 0.986658 nan
5906.400000 1.000947 nan
5907.200000 0.995661 nan
5908.000000 0.986571 nan
5908.800000 0.986020 nan
5909.600000 0.964840 nan
5910.400000 0.951032 nan
5911.200000 0.977128 nan
5912.000000 0.961732 nan
5912.800000 0.976944 nan
5913.600000 0.979880 nan
5914.400000 0.981992 nan
5915.200000 0.995204 nan
5916.000000 0.993275 nan
5916.800000 0.973555 nan
5917.600000 0.954321 nan
5918.400000 0.953143 nan
5919.200000 0.971172 nan
5920.000000 0.986762 nan
5920.800000 0.983224 nan
5921.600000 0.963126 nan
5922.400000 0.949651 nan
5923.200000 0.960208 nan
5924.000000 0.978498 nan
5924.800000 0.964766 nan
5925.600000 0.957376 nan
5926.400000 0.964034 nan
5927.200000 0.963545 nan
5928.000000 0.958337 nan
5928.800000 0.960656 nan
5929.600000 0.976777 nan
5930.400000 0.993878 nan
5931.200000 0.982886 nan
5932.000000 0.949555 nan
5932.800000 0.968371 nan
5933.600000 0.956624 nan
5934.400000 0.985345 nan
5935.200000 0.963625 nan
5936.000000 0.947209 nan
5936.800000 0.956222 nan
5937.600000 0.956644 nan
5938.400000 0.947348 nan
5939.200000 0.958718 nan
5940.000000 0.943255 nan
5940.800000 0.961796 nan
5941.600000 0.949654 nan
5942.400000 0.936291 nan
5943.200000 0.936491 nan
5944.000000 0.950336 nan
5944.800000 0.954088 nan
5945.600000 0.944649 nan
5946.400000 0.953823 nan
5947.200000 0.945011 nan
5948.000000 0.942612 nan
5948.800000 0.936445 nan
5949.600000 0.928889 nan
5950.400000 0.923207 nan
5951.200000 0.943265 nan
5952.000000 0.943371 nan
5952.800000 0.917496 nan
5953.600000 0.926447 nan
5954.400000 0.915015 nan
5955.200000 0.948346 nan
5956.000000 0.930613 nan
5956.800000 0.938085 nan
5957.600000 0.933817 nan
5958.400000 0.932490 nan
5959.200000 0.938052 nan
5960.000000 0.933402 nan
5960.800000 0.920181 nan
5961.600000 0.920228 nan
5962.400000 0.937331 nan
5963.200000 0.951469 nan
5964.000000 0.929029 nan
5964.800000 0.929532 nan
5965.600000 0.934652 nan
5966.400000 0.922380 nan
5967.200000 0.918549 nan
5968.000000 0.942337 nan
5968.800000 0.950071 nan
5969.600000 0.934202 nan
5970.400000 0.929579 nan
5971.200000 0.928829 nan
5972.000000 0.927778 nan
5972.800000 0.924281 nan
5973.600000 0.935826 nan
5974.400000 0.935062 nan
5975.200000 0.911041 nan
5976.000000 0.916969 nan
5976.800000 0.927212 nan
5977.600000 0.931900 nan
5978.400000 0.906973 nan
5979.200000 0.940226 nan
5980.000000 0.939283 nan
5980.800000 0.912402 nan
5981.600000 0.913700 nan
5982.400000 0.929367 nan
5983.200000 0.907749 nan
5984.000000 0.890098 nan
5984.800000 0.927764 nan
5985.600000 0.901966 nan
5986.400000 0.898487 nan
5987.200000 0.905669 nan
5988.000000 0.922460 nan
5988.800000 0.928412 nan
5989.600000 0.920718 nan
5990.400000 0.915285 nan
5991.200000 0.901305 nan
5992.000000 0.927543 nan
5992.800000 0.910982 nan
5993.600000 0.928932 nan
5994.400000 0.905889 nan
5995.200000 0.895948 nan
5996.000000 0.910452 nan
5996.800000 0.908613 nan
5997.600000 0.887670 nan
5998.400000 0.895844 nan
5999.200000 0.918262 nan
6000.000000 0.902341 nan
