3600.000000 1.039154 nan
3600.800000 1.011726 nan
3601.600000 1.015943 nan
3602.400000 1.020964 nan
3603.200000 1.000923 nan
3604.000000 0.992991 nan
3604.800000 1.026498 nan
3605.600000 1.035615 nan
3606.400000 1.043770 nan
3607.200000 1.003160 nan
3608.000000 1.000720 nan
3608.800000 1.013481 nan
3609.600000 1.014532 nan
3610.400000 1.006335 nan
3611.200000 1.003156 nan
3612.000000 1.004948 nan
3612.800000 1.001754 nan
3613.600000 1.021211 nan
3614.400000 1.022950 nan
3615.200000 1.019390 nan
3616.000000 1.029268 nan
3616.800000 1.020486 nan
3617.600000 1.018572 nan
3618.400000 1.021706 nan
3619.200000 1.008990 nan
3620.000000 1.007712 nan
3620.800000 1.000973 nan
3621.600000 0.994133 nan
3622.400000 0.959096 nan
3623.200000 0.981152 nan
3624.000000 0.984369 nan
3624.800000 0.968774 nan
3625.600000 0.964836 nan
3626.400000 0.964252 nan
3627.200000 0.956723 nan
3628.000000 0.970321 nan
3628.800000 0.958141 nan
3629.600000 0.962548 nan
3630.400000 0.958116 nan
3631.200000 0.974867 nan
3632.000000 0.985632 nan
3632.800000 0.982391 nan
3633.600000 0.979985 nan
3634.400000 0.979352 nan
3635.200000 0.979229 nan
3636.000000 0.988042 nan
3636.800000 0.997224 nan
3637.600000 1.002717 nan
3638.400000 0.987942 nan
3639.200000 0.992576 nan
3640.000000 0.996616 nan
3640.800000 0.992664 nan
3641.600000 0.993758 nan
3642.400000 0.973784 nan
3643.200000 0.998507 nan
3644.000000 1.000604 nan
3644.800000 0.997168 nan
3645.600000 0.997483 nan
3646.400000 1.006673 nan
3647.200000 1.013361 nan
3648.000000 1.012191 nan
3648.800000 1.008817 nan
3649.600000 1.005658 nan
3650.400000 1.004528 nan
3651.200000 1.012995 nan
3652.000000 0.998860 nan
3652.800000 1.010700 nan
3653.600000 1.006257 nan
3654.400000 1.004265 nan
3655.200000 1.011995 nan
3656.000000 1.012211 nan
3656.800000 1.004988 nan
3657.600000 0.984135 nan
3658.400000 0.952800 nan
3659.200000 0.959897 nan
3660.000000 0.970250 nan
3660.800000 0.978198 nan
3661.600000 0.995520 nan
3662.400000 1.002055 nan
3663.200000 0.986169 nan
3664.000000 0.977535 nan
3664.800000 0.987066 nan
3665.600000 0.970034 nan
3666.400000 0.980424 nan
3667.200000 0.987436 nan
3668.000000 0.975796 nan
3668.800000 0.976888 nan
3669.600000 0.976607 nan
3670.400000 0.967776 nan
3671.200000 0.972826 nan
3672.000000 0.983078 nan
3672.800000 0.975389 nan
3673.600000 0.968215 nan
3674.400000 0.968832 nan
3675.200000 0.986509 nan
3676.000000 0.968870 nan
3676.800000 0.951442 nan
3677.600000 0.958053 nan
3678.400000 0.963764 nan
3679.200000 0.963599 nan
3680.000000 0.962376 nan
3680.800000 0.969040 nan
3681.600000 0.977708 nan
3682.400000 0.966233 nan
3683.200000 0.957340 nan
3684.000000 0.953888 nan
3684.800000 0.949754 nan
3685.600000 0.941896 nan
3686.400000 0.934821 nan
3687.200000 0.944505 nan
3688.000000 0.952809 nan
3688.800000 0.947463 nan
3689.600000 0.943383 nan
3690.400000 0.949816 nan
3691.200000 0.941425 nan
3692.000000 0.945014 nan
3692.800000 0.962484 nan
3693.600000 0.951384 nan
3694.400000 0.944905 nan
3695.200000 0.990758 nan
3696.000000 0.989988 nan
3696.800000 0.969044 nan
3697.600000 0.960493 nan
3698.400000 0.959846 nan
3699.200000 0.964486 nan
3700.000000 0.975859 nan
3700.800000 0.977540 nan
3701.600000 0.958844 nan
3702.400000 0.965197 nan
3703.200000 0.883689 nan
3704.000000 0.978432 nan
3704.800000 1.014942 nan
3705.600000 1.007882 nan
3706.400000 0.986164 nan
3707.200000 0.989984 nan
3708.000000 1.027093 nan
3708.800000 1.030023 nan
3709.600000 0.957491 nan
3710.400000 0.965933 nan
3711.200000 0.977920 nan
3712.000000 0.961809 nan
3712.800000 0.928269 nan
3713.600000 0.957858 nan
3714.400000 0.976772 nan
3715.200000 0.976594 nan
3716.000000 1.041026 nan
3716.800000 0.996579 nan
3717.600000 0.971136 nan
3718.400000 1.014924 nan
3719.200000 0.958923 nan
3720.000000 0.922627 nan
3720.800000 0.957465 nan
3721.600000 0.984462 nan
3722.400000 0.987857 nan
3723.200000 0.989105 nan
3724.000000 0.938574 nan
3724.800000 1.001885 nan
3725.600000 0.996119 nan
3726.400000 1.009819 nan
3727.200000 1.004781 nan
3728.000000 1.000834 nan
3728.800000 1.016449 nan
3729.600000 1.022276 nan
3730.400000 0.984660 nan
3731.200000 0.955683 nan
3732.000000 1.040531 nan
3732.800000 1.069075 nan
3733.600000 1.066378 nan
3734.400000 1.043694 nan
3735.200000 1.006501 nan
3736.000000 1.015078 nan
3736.800000 1.007673 nan
3737.600000 0.972376 nan
3738.400000 1.026827 nan
3739.200000 1.013019 nan
3740.000000 0.991983 nan
3740.800000 1.025677 nan
3741.600000 1.033047 nan
3742.400000 1.039972 nan
3743.200000 0.994351 nan
3744.000000 0.989242 nan
3744.800000 1.047004 nan
3745.600000 1.041407 nan
3746.400000 1.051250 nan
3747.200000 1.022133 nan
3748.000000 1.057512 nan
3748.800000 0.974943 nan
3749.600000 1.003608 nan
3750.400000 1.050980 nan
3751.200000 1.028720 nan
3752.000000 1.011606 nan
3752.800000 1.051693 nan
3753.600000 1.042425 nan
3754.400000 0.990705 nan
3755.200000 1.033986 nan
3756.000000 1.056399 nan
3756.800000 0.990611 nan
3757.600000 0.935041 nan
3758.400000 0.962427 nan
3759.200000 1.010897 nan
3760.000000 1.012088 nan
3760.800000 1.014543 nan
3761.600000 1.012192 nan
3762.400000 1.045942 nan
3763.200000 1.051376 nan
3764.000000 1.033675 nan
3764.800000 1.038442 nan
3765.600000 1.048668 nan
3766.400000 1.047244 nan
3767.200000 1.038581 nan
3768.000000 1.031347 nan
3768.800000 1.036243 nan
3769.600000 1.021804 nan
3770.400000 1.029602 nan
3771.200000 1.023097 nan
3772.000000 1.064357 nan
3772.800000 1.081651 nan
3773.600000 1.068038 nan
3774.400000 1.058568 nan
3775.200000 1.050112 nan
3776.000000 1.064696 nan
3776.800000 1.071516 nan
3777.600000 1.050073 nan
3778.400000 1.047774 nan
3779.200000 1.059793 nan
3780.000000 1.083294 nan
3780.800000 1.073538 nan
3781.600000 1.016777 nan
3782.400000 0.966092 nan
3783.200000 0.964868 nan
3784.000000 0.968115 nan
3784.800000 1.018095 nan
3785.600000 1.041469 nan
3786.400000 1.015299 nan
3787.200000 1.034946 nan
3788.000000 1.031138 nan
3788.800000 1.000317 nan
3789.600000 1.034179 nan
3790.400000 1.072887 nan
3791.200000 1.004918 nan
3792.000000 1.053613 nan
3792.800000 0.991842 nan
3793.600000 1.031336 nan
3794.400000 1.058688 nan
3795.200000 1.091370 nan
3796.000000 1.102844 nan
3796.800000 1.073620 nan
3797.600000 1.066608 nan
3798.400000 1.026714 nan
3799.200000 1.024385 nan
3800.000000 1.028303 nan
3800.800000 1.029714 nan
3801.600000 1.009043 nan
3802.400000 1.007295 nan
3803.200000 1.020534 nan
3804.000000 1.021041 nan
3804.800000 1.024787 nan
3805.600000 1.047366 nan
3806.400000 1.016984 nan
3807.200000 1.033838 nan
3808.000000 1.023485 nan
3808.800000 1.026762 nan
3809.600000 1.015579 nan
3810.400000 1.024069 nan
3811.200000 1.042076 nan
3812.000000 1.022826 nan
3812.800000 1.027562 nan
3813.600000 1.033810 nan
3814.400000 0.982683 nan
3815.200000 1.020280 nan
3816.000000 1.011344 nan
3816.800000 1.025449 nan
3817.600000 1.047919 nan
3818.400000 1.047217 nan
3819.200000 1.038210 nan
3820.000000 1.025265 nan
3820.800000 1.019437 nan
3821.600000 1.014822 nan
3822.400000 0.994508 nan
3823.200000 1.016853 nan
3824.000000 1.027657 nan
3824.800000 1.026572 nan
3825.600000 1.039475 nan
3826.400000 1.043710 nan
3827.200000 1.016070 nan
3828.000000 1.027347 nan
3828.800000 1.043323 nan
3829.600000 1.042023 nan
3830.400000 1.049002 nan
3831.200000 1.039312 nan
3832.000000 1.022193 nan
3832.800000 1.012597 nan
3833.600000 0.996906 nan
3834.400000 0.989865 nan
3835.200000 1.060494 nan
3836.000000 1.094864 nan
3836.800000 1.050820 nan
3837.600000 1.070982 nan
3838.400000 1.076771 nan
3839.200000 1.065110 nan
3840.000000 1.079390 nan
3840.800000 1.065021 nan
3841.600000 1.028142 nan
3842.400000 1.106575 nan
3843.200000 1.045417 nan
3844.000000 1.070906 nan
3844.800000 1.074535 nan
3845.600000 1.081651 nan
3846.400000 1.031526 nan
3847.200000 1.021716 nan
3848.000000 1.058267 nan
3848.800000 1.055655 nan
3849.600000 1.031666 nan
3850.400000 0.994637 nan
3851.200000 1.010008 nan
3852.000000 1.009870 nan
3852.800000 0.997694 nan
3853.600000 0.997931 nan
3854.400000 1.007784 nan
3855.200000 1.008093 nan
3856.000000 0.968320 nan
3856.800000 0.923674 nan
3857.600000 0.980139 nan
3858.400000 0.921419 nan
3859.200000 0.984288 nan
3860.000000 0.966095 nan
3860.800000 0.931751 nan
3861.600000 0.932094 nan
3862.400000 0.986220 nan
3863.200000 0.998902 nan
3864.000000 0.935343 nan
3864.800000 1.003456 nan
3865.600000 0.980021 nan
3866.400000 0.903180 nan
3867.200000 0.906312 nan
3868.000000 0.950870 nan
3868.800000 0.986510 nan
3869.600000 0.959613 nan
3870.400000 0.893947 nan
3871.200000 0.898605 nan
3872.000000 0.994151 nan
3872.800000 1.002994 nan
3873.600000 0.905792 nan
3874.400000 0.956123 nan
3875.200000 1.017059 nan
3876.000000 0.986439 nan
3876.800000 0.944948 nan
3877.600000 0.924478 nan
3878.400000 0.918966 nan
3879.200000 0.949986 nan
3880.000000 0.900633 nan
3880.800000 0.952467 nan
3881.600000 0.942661 nan
3882.400000 0.989552 nan
3883.200000 0.962031 nan
3884.000000 0.936884 nan
3884.800000 0.936094 nan
3885.600000 0.944623 nan
3886.400000 0.978790 nan
3887.200000 0.935251 nan
3888.000000 0.976690 nan
3888.800000 0.995957 nan
3889.600000 0.994267 nan
3890.400000 0.962866 nan
3891.200000 0.938673 nan
3892.000000 0.948608 nan
3892.800000 0.970953 nan
3893.600000 0.978338 nan
3894.400000 0.973501 nan
3895.200000 0.943189 nan
3896.000000 0.935349 nan
3896.800000 1.004152 nan
3897.600000 0.959941 nan
3898.400000 0.964098 nan
3899.200000 1.001218 nan
3900.000000 0.970118 nan
3900.800000 0.931422 nan
3901.600000 0.996683 nan
3902.400000 1.012281 nan
3903.200000 0.922759 nan
3904.000000 1.001598 nan
3904.800000 0.980136 nan
3905.600000 0.924409 nan
3906.400000 0.925162 nan
3907.200000 0.930582 nan
3908.000000 0.933531 nan
3908.800000 0.999562 nan
3909.600000 0.964562 nan
3910.400000 0.920160 nan
3911.200000 1.001834 nan
3912.000000 0.930767 nan
3912.800000 0.908704 nan
3913.600000 0.957822 nan
3914.400000 0.953273 nan
3915.200000 0.923380 nan
3916.000000 0.977471 nan
3916.800000 0.999046 nan
3917.600000 0.986315 nan
3918.400000 0.987361 nan
3919.200000 1.027988 nan
3920.000000 1.004389 nan
3920.800000 1.006242 nan
3921.600000 0.955960 nan
3922.400000 0.901540 nan
3923.200000 0.980634 nan
3924.000000 0.996056 nan
3924.800000 1.000067 nan
3925.600000 0.947977 nan
3926.400000 1.012057 nan
3927.200000 1.047145 nan
3928.000000 1.011632 nan
3928.800000 1.014833 nan
3929.600000 0.997415 nan
3930.400000 0.931009 nan
3931.200000 1.006193 nan
3932.000000 0.988031 nan
3932.800000 0.983100 nan
3933.600000 1.006880 nan
3934.400000 1.010454 nan
3935.200000 0.974533 nan
3936.000000 0.985553 nan
3936.800000 1.018181 nan
3937.600000 1.002808 nan
3938.400000 0.994466 nan
3939.200000 1.030870 nan
3940.000000 1.012164 nan
3940.800000 1.036367 nan
3941.600000 1.005788 nan
3942.400000 1.009918 nan
3943.200000 1.013066 nan
3944.000000 0.986851 nan
3944.800000 0.965516 nan
3945.600000 0.959498 nan
3946.400000 0.934715 nan
3947.200000 0.947829 nan
3948.000000 0.995016 nan
3948.800000 0.973518 nan
3949.600000 1.011219 nan
3950.400000 1.023878 nan
3951.200000 0.997682 nan
3952.000000 1.006893 nan
3952.800000 1.043440 nan
3953.600000 1.024717 nan
3954.400000 1.016533 nan
3955.200000 0.966125 nan
3956.000000 0.993069 nan
3956.800000 0.937900 nan
3957.600000 0.935822 nan
3958.400000 0.954732 nan
3959.200000 0.968548 nan
3960.000000 1.008447 nan
3960.800000 1.006748 nan
3961.600000 0.998344 nan
3962.400000 0.981080 nan
3963.200000 1.055780 nan
3964.000000 1.048921 nan
3964.800000 1.028089 nan
3965.600000 1.014648 nan
3966.400000 1.012979 nan
3967.200000 1.022270 nan
3968.000000 0.997040 nan
3968.800000 0.952841 nan
3969.600000 1.010889 nan
3970.400000 1.075940 nan
3971.200000 1.063513 nan
3972.000000 0.995783 nan
3972.800000 0.970107 nan
3973.600000 0.958425 nan
3974.400000 0.951326 nan
3975.200000 0.998757 nan
3976.000000 1.011804 nan
3976.800000 0.988312 nan
3977.600000 1.026034 nan
3978.400000 0.984705 nan
3979.200000 0.990286 nan
3980.000000 0.989066 nan
3980.800000 1.001881 nan
3981.600000 1.014651 nan
3982.400000 0.968699 nan
3983.200000 0.963355 nan
3984.000000 0.999476 nan
3984.800000 0.914207 nan
3985.600000 0.929873 nan
3986.400000 1.012413 nan
3987.200000 1.020408 nan
3988.000000 1.012770 nan
3988.800000 1.033129 nan
3989.600000 1.021620 nan
3990.400000 0.978156 nan
3991.200000 0.976998 nan
3992.000000 0.986772 nan
3992.800000 0.957553 nan
3993.600000 0.929228 nan
3994.400000 0.970874 nan
3995.200000 1.033144 nan
3996.000000 1.000488 nan
3996.800000 0.952121 nan
3997.600000 1.021475 nan
3998.400000 0.940799 nan
3999.200000 0.930502 nan
4000.000000 0.983590 nan
4000.800000 0.953659 nan
4001.600000 0.927867 nan
4002.400000 0.964169 nan
4003.200000 0.983784 nan
4004.000000 0.953958 nan
4004.800000 0.966528 nan
4005.600000 1.033299 nan
4006.400000 0.941962 nan
4007.200000 0.934817 nan
4008.000000 1.019538 nan
4008.800000 1.041927 nan
4009.600000 0.992989 nan
4010.400000 0.992276 nan
4011.200000 1.013274 nan
4012.000000 0.990454 nan
4012.800000 1.049322 nan
4013.600000 0.993643 nan
4014.400000 0.966450 nan
4015.200000 1.034745 nan
4016.000000 1.028071 nan
4016.800000 1.051945 nan
4017.600000 1.025581 nan
4018.400000 0.983871 nan
4019.200000 1.013514 nan
4020.000000 0.993937 nan
4020.800000 1.002179 nan
4021.600000 0.926828 nan
4022.400000 0.961389 nan
4023.200000 1.002833 nan
4024.000000 0.931370 nan
4024.800000 0.932935 nan
4025.600000 0.998062 nan
4026.400000 1.020905 nan
4027.200000 1.029935 nan
4028.000000 0.989219 nan
4028.800000 1.000724 nan
4029.600000 1.005571 nan
4030.400000 1.057837 nan
4031.200000 1.001076 nan
4032.000000 0.958454 nan
4032.800000 0.984542 nan
4033.600000 0.995214 nan
4034.400000 0.970415 nan
4035.200000 0.981571 nan
4036.000000 0.953643 nan
4036.800000 0.926875 nan
4037.600000 0.939331 nan
4038.400000 0.953351 nan
4039.200000 0.964906 nan
4040.000000 0.959002 nan
4040.800000 0.974652 nan
4041.600000 1.014123 nan
4042.400000 0.983006 nan
4043.200000 0.990738 nan
4044.000000 0.990164 nan
4044.800000 0.977393 nan
4045.600000 0.970776 nan
4046.400000 0.971046 nan
4047.200000 0.989724 nan
4048.000000 1.000519 nan
4048.800000 0.971236 nan
4049.600000 0.935001 nan
4050.400000 0.942890 nan
4051.200000 1.012792 nan
4052.000000 0.959353 nan
4052.800000 0.971636 nan
4053.600000 0.989800 nan
4054.400000 1.007661 nan
4055.200000 1.023856 nan
4056.000000 1.002505 nan
4056.800000 0.966075 nan
4057.600000 1.002625 nan
4058.400000 0.942833 nan
4059.200000 0.990397 nan
4060.000000 1.000145 nan
4060.800000 0.927806 nan
4061.600000 0.939145 nan
4062.400000 0.941844 nan
4063.200000 0.942259 nan
4064.000000 1.035722 nan
4064.800000 1.005490 nan
4065.600000 0.993571 nan
4066.400000 1.035781 nan
4067.200000 1.029626 nan
4068.000000 0.962477 nan
4068.800000 0.984572 nan
4069.600000 1.006160 nan
4070.400000 0.942889 nan
4071.200000 0.917702 nan
4072.000000 1.002146 nan
4072.800000 0.930422 nan
4073.600000 1.049879 nan
4074.400000 1.040535 nan
4075.200000 1.011210 nan
4076.000000 1.044824 nan
4076.800000 0.964792 nan
4077.600000 0.885749 nan
4078.400000 0.963608 nan
4079.200000 0.991957 nan
4080.000000 0.924541 nan
4080.800000 0.876503 nan
4081.600000 0.938510 nan
4082.400000 0.961825 nan
4083.200000 0.939658 nan
4084.000000 0.945060 nan
4084.800000 0.993408 nan
4085.600000 1.018142 nan
4086.400000 0.970401 nan
4087.200000 0.946132 nan
4088.000000 0.959859 nan
4088.800000 0.905734 nan
4089.600000 0.923858 nan
4090.400000 0.874262 nan
4091.200000 0.919599 nan
4092.000000 0.949184 nan
4092.800000 0.896266 nan
4093.600000 0.899776 nan
4094.400000 0.936148 nan
4095.200000 0.965718 nan
4096.000000 0.920860 nan
4096.800000 0.910000 nan
4097.600000 0.951771 nan
4098.400000 0.998293 nan
4099.200000 1.026499 nan
4100.000000 0.972970 nan
4100.800000 0.883931 nan
4101.600000 0.950073 nan
4102.400000 0.998172 nan
4103.200000 0.974620 nan
4104.000000 0.991834 nan
4104.800000 0.975613 nan
4105.600000 0.966673 nan
4106.400000 0.985175 nan
4107.200000 1.015534 nan
4108.000000 1.011764 nan
4108.800000 0.980674 nan
4109.600000 1.054975 nan
4110.400000 0.997987 nan
4111.200000 1.011191 nan
4112.000000 0.981777 nan
4112.800000 0.979006 nan
4113.600000 1.045132 nan
4114.400000 1.025004 nan
4115.200000 0.949495 nan
4116.000000 1.013200 nan
4116.800000 0.994541 nan
4117.600000 1.002212 nan
4118.400000 0.960059 nan
4119.200000 1.006147 nan
4120.000000 1.053945 nan
4120.800000 0.987266 nan
4121.600000 0.969082 nan
4122.400000 1.008151 nan
4123.200000 0.961190 nan
4124.000000 0.952500 nan
4124.800000 1.017357 nan
4125.600000 1.010054 nan
4126.400000 0.951800 nan
4127.200000 1.010840 nan
4128.000000 1.011906 nan
4128.800000 1.001146 nan
4129.600000 0.983244 nan
4130.400000 0.934709 nan
4131.200000 0.974868 nan
4132.000000 0.972602 nan
4132.800000 1.007338 nan
4133.600000 1.015322 nan
4134.400000 0.960876 nan
4135.200000 0.967204 nan
4136.000000 1.006301 nan
4136.800000 1.011364 nan
4137.600000 1.018157 nan
4138.400000 1.044999 nan
4139.200000 0.993753 nan
4140.000000 1.054553 nan
4140.800000 0.983763 nan
4141.600000 0.994961 nan
4142.400000 0.973291 nan
4143.200000 1.019836 nan
4144.000000 1.074543 nan
4144.800000 1.026324 nan
4145.600000 0.964089 nan
4146.400000 0.972452 nan
4147.200000 0.985834 nan
4148.000000 1.026335 nan
4148.800000 0.954562 nan
4149.600000 1.032664 nan
4150.400000 1.048301 nan
4151.200000 1.014081 nan
4152.000000 1.011141 nan
4152.800000 1.002585 nan
4153.600000 1.027893 nan
4154.400000 1.017991 nan
4155.200000 0.947972 nan
4156.000000 1.004075 nan
4156.800000 1.000957 nan
4157.600000 1.006699 nan
4158.400000 1.028298 nan
4159.200000 1.010480 nan
4160.000000 1.000816 nan
4160.800000 1.066232 nan
4161.600000 1.012215 nan
4162.400000 1.005192 nan
4163.200000 0.992259 nan
4164.000000 1.028280 nan
4164.800000 1.028922 nan
4165.600000 1.013544 nan
4166.400000 1.004028 nan
4167.200000 1.018417 nan
4168.000000 1.039574 nan
4168.800000 0.982789 nan
4169.600000 1.089951 nan
4170.400000 1.002520 nan
4171.200000 1.027952 nan
4172.000000 1.050703 nan
4172.800000 1.011601 nan
4173.600000 1.013102 nan
4174.400000 1.049025 nan
4175.200000 1.022992 nan
4176.000000 1.022495 nan
4176.800000 1.029485 nan
4177.600000 1.052549 nan
4178.400000 1.049896 nan
4179.200000 1.012481 nan
4180.000000 0.941979 nan
4180.800000 0.973245 nan
4181.600000 1.045153 nan
4182.400000 1.013083 nan
4183.200000 1.003716 nan
4184.000000 1.003150 nan
4184.800000 1.012678 nan
4185.600000 1.010243 nan
4186.400000 0.975701 nan
4187.200000 1.045302 nan
4188.000000 1.052769 nan
4188.800000 0.983518 nan
4189.600000 0.979558 nan
4190.400000 0.997780 nan
4191.200000 0.978954 nan
4192.000000 0.938033 nan
4192.800000 0.941085 nan
4193.600000 0.927946 nan
4194.400000 0.924125 nan
4195.200000 1.012868 nan
4196.000000 1.045487 nan
4196.800000 0.945056 nan
4197.600000 0.893305 nan
4198.400000 0.889072 nan
4199.200000 0.916108 nan
4200.000000 0.972242 nan
4200.800000 0.924784 nan
4201.600000 1.008494 nan
4202.400000 0.988944 nan
4203.200000 0.948937 nan
4204.000000 0.983985 nan
4204.800000 0.930408 nan
4205.600000 0.891396 nan
4206.400000 0.959068 nan
4207.200000 0.946285 nan
4208.000000 0.963773 nan
4208.800000 0.957337 nan
4209.600000 0.955172 nan
4210.400000 0.938333 nan
4211.200000 0.929322 nan
4212.000000 0.947731 nan
4212.800000 0.914186 nan
4213.600000 0.921086 nan
4214.400000 1.014110 nan
4215.200000 0.983101 nan
4216.000000 0.909979 nan
4216.800000 0.973504 nan
4217.600000 1.028586 nan
4218.400000 0.978832 nan
4219.200000 0.912190 nan
4220.000000 0.912281 nan
4220.800000 0.969654 nan
4221.600000 0.953278 nan
4222.400000 0.979090 nan
4223.200000 0.950055 nan
4224.000000 0.875450 nan
4224.800000 0.906853 nan
4225.600000 0.949663 nan
4226.400000 0.941739 nan
4227.200000 0.988945 nan
4228.000000 0.967617 nan
4228.800000 0.979272 nan
4229.600000 0.972159 nan
4230.400000 0.981911 nan
4231.200000 0.959165 nan
4232.000000 0.902399 nan
4232.800000 0.916077 nan
4233.600000 0.984148 nan
4234.400000 0.989265 nan
4235.200000 0.968673 nan
4236.000000 1.007598 nan
4236.800000 0.973611 nan
4237.600000 0.946629 nan
4238.400000 0.840287 nan
4239.200000 0.830716 nan
4240.000000 0.914008 nan
4240.800000 0.957094 nan
4241.600000 0.951211 nan
4242.400000 0.975599 nan
4243.200000 0.990558 nan
4244.000000 0.963167 nan
4244.800000 0.937339 nan
4245.600000 0.926377 nan
4246.400000 0.896709 nan
4247.200000 0.897815 nan
4248.000000 0.921101 nan
4248.800000 0.926639 nan
4249.600000 0.953910 nan
4250.400000 0.992559 nan
4251.200000 0.944895 nan
4252.000000 0.978451 nan
4252.800000 1.017727 nan
4253.600000 0.893029 nan
4254.400000 0.873652 nan
4255.200000 0.937035 nan
4256.000000 0.937821 nan
4256.800000 0.961202 nan
4257.600000 0.956068 nan
4258.400000 0.909263 nan
4259.200000 0.988158 nan
4260.000000 0.890690 nan
4260.800000 0.949364 nan
4261.600000 0.984083 nan
4262.400000 0.956819 nan
4263.200000 0.948268 nan
4264.000000 0.942525 nan
4264.800000 0.953887 nan
4265.600000 0.979321 nan
4266.400000 0.992951 nan
4267.200000 0.970838 nan
4268.000000 0.965222 nan
4268.800000 0.953078 nan
4269.600000 0.940248 nan
4270.400000 0.949224 nan
4271.200000 0.972224 nan
4272.000000 0.975322 nan
4272.800000 0.947285 nan
4273.600000 0.957496 nan
4274.400000 0.954178 nan
4275.200000 0.886727 nan
4276.000000 0.912904 nan
4276.800000 0.932328 nan
4277.600000 0.929991 nan
4278.400000 0.956049 nan
4279.200000 0.951855 nan
4280.000000 0.959293 nan
4280.800000 0.941163 nan
4281.600000 0.920820 nan
4282.400000 0.914474 nan
4283.200000 0.941383 nan
4284.000000 0.952681 nan
4284.800000 0.940874 nan
4285.600000 0.931898 nan
4286.400000 0.929430 nan
4287.200000 0.929256 nan
4288.000000 1.004532 nan
4288.800000 1.002056 nan
4289.600000 0.968516 nan
4290.400000 0.955245 nan
4291.200000 0.905076 nan
4292.000000 0.871590 nan
4292.800000 0.946754 nan
4293.600000 1.047939 nan
4294.400000 0.990824 nan
4295.200000 0.934178 nan
4296.000000 0.893359 nan
4296.800000 0.984188 nan
4297.600000 0.975964 nan
4298.400000 0.922907 nan
4299.200000 0.925006 nan
4300.000000 0.977889 nan
4300.800000 0.963568 nan
4301.600000 0.865116 nan
4302.400000 0.976802 nan
4303.200000 0.925263 nan
4304.000000 0.876630 nan
4304.800000 0.938260 nan
4305.600000 0.964000 nan
4306.400000 0.908626 nan
4307.200000 0.906866 nan
4308.000000 0.954892 nan
4308.800000 0.896984 nan
4309.600000 0.908881 nan
4310.400000 0.941753 nan
4311.200000 0.944866 nan
4312.000000 0.964879 nan
4312.800000 0.961023 nan
4313.600000 0.949349 nan
4314.400000 0.930782 nan
4315.200000 0.909902 nan
4316.000000 0.914393 nan
4316.800000 0.939270 nan
4317.600000 0.951843 nan
4318.400000 0.936242 nan
4319.200000 1.025409 nan
4320.000000 0.975160 nan
4320.800000 0.936299 nan
4321.600000 0.947004 nan
4322.400000 0.926658 nan
4323.200000 0.912017 nan
4324.000000 0.957043 nan
4324.800000 0.865746 nan
4325.600000 0.929172 nan
4326.400000 0.939565 nan
4327.200000 0.936976 nan
4328.000000 0.925787 nan
4328.800000 0.938976 nan
4329.600000 0.953716 nan
4330.400000 0.943316 nan
4331.200000 0.950337 nan
4332.000000 0.927823 nan
4332.800000 0.922865 nan
4333.600000 0.955826 nan
4334.400000 0.949446 nan
4335.200000 0.961073 nan
4336.000000 0.956142 nan
4336.800000 0.936959 nan
4337.600000 0.961881 nan
4338.400000 0.999967 nan
4339.200000 0.945611 nan
4340.000000 0.963533 nan
4340.800000 0.983202 nan
4341.600000 0.974104 nan
4342.400000 0.965731 nan
4343.200000 0.960292 nan
4344.000000 0.956979 nan
4344.800000 0.955717 nan
4345.600000 0.958656 nan
4346.400000 0.972660 nan
4347.200000 0.978922 nan
4348.000000 0.971324 nan
4348.800000 0.951561 nan
4349.600000 0.955535 nan
4350.400000 0.984001 nan
4351.200000 0.995571 nan
4352.000000 0.989237 nan
4352.800000 0.974658 nan
4353.600000 0.939699 nan
4354.400000 0.978841 nan
4355.200000 0.978980 nan
4356.000000 0.981250 nan
4356.800000 0.970515 nan
4357.600000 0.976190 nan
4358.400000 0.989850 nan
4359.200000 0.980091 nan
4360.000000 0.936217 nan
4360.800000 0.910403 nan
4361.600000 0.984270 nan
4362.400000 0.995932 nan
4363.200000 0.966431 nan
4364.000000 0.981384 nan
4364.800000 0.967571 nan
4365.600000 0.988494 nan
4366.400000 0.987651 nan
4367.200000 0.946153 nan
4368.000000 0.972317 nan
4368.800000 0.973728 nan
4369.600000 0.984507 nan
4370.400000 0.954205 nan
4371.200000 0.966040 nan
4372.000000 0.967803 nan
4372.800000 0.967019 nan
4373.600000 0.960929 nan
4374.400000 0.954488 nan
4375.200000 0.964685 nan
4376.000000 0.968710 nan
4376.800000 0.987551 nan
4377.600000 0.972183 nan
4378.400000 0.935632 nan
4379.200000 0.913264 nan
4380.000000 0.948625 nan
4380.800000 0.989846 nan
4381.600000 0.982198 nan
4382.400000 0.960244 nan
4383.200000 0.975371 nan
4384.000000 0.946937 nan
4384.800000 1.011271 nan
4385.600000 0.958086 nan
4386.400000 0.963061 nan
4387.200000 0.998663 nan
4388.000000 0.994865 nan
4388.800000 0.969419 nan
4389.600000 0.971336 nan
4390.400000 0.991754 nan
4391.200000 0.999718 nan
4392.000000 0.989032 nan
4392.800000 0.990385 nan
4393.600000 0.959687 nan
4394.400000 0.981662 nan
4395.200000 0.977576 nan
4396.000000 0.945003 nan
4396.800000 0.953415 nan
4397.600000 0.994789 nan
4398.400000 1.009754 nan
4399.200000 0.993212 nan
4400.000000 0.957906 nan
4400.800000 1.006126 nan
4401.600000 1.023129 nan
4402.400000 1.009311 nan
4403.200000 1.016972 nan
4404.000000 1.019787 nan
4404.800000 0.989932 nan
4405.600000 1.003882 nan
4406.400000 0.997444 nan
4407.200000 0.994562 nan
4408.000000 1.022766 nan
4408.800000 1.021655 nan
4409.600000 1.010840 nan
4410.400000 1.010933 nan
4411.200000 1.019831 nan
4412.000000 1.028650 nan
4412.800000 1.028646 nan
4413.600000 1.019826 nan
4414.400000 1.018222 nan
4415.200000 1.013794 nan
4416.000000 1.049966 nan
4416.800000 1.040274 nan
4417.600000 1.004339 nan
4418.400000 1.006534 nan
4419.200000 1.032456 nan
4420.000000 1.019673 nan
4420.800000 1.007660 nan
4421.600000 1.014652 nan
4422.400000 1.003829 nan
4423.200000 1.005787 nan
4424.000000 1.023510 nan
4424.800000 1.034859 nan
4425.600000 1.026869 nan
4426.400000 1.012728 nan
4427.200000 1.013386 nan
4428.000000 1.015839 nan
4428.800000 1.004301 nan
4429.600000 1.010247 nan
4430.400000 1.000242 nan
4431.200000 1.008448 nan
4432.000000 1.009781 nan
4432.800000 1.004329 nan
4433.600000 1.002597 nan
4434.400000 1.000202 nan
4435.200000 1.000995 nan
4436.000000 1.003987 nan
4436.800000 1.031991 nan
4437.600000 1.030668 nan
4438.400000 1.024558 nan
4439.200000 1.026022 nan
4440.000000 1.027213 nan
4440.800000 1.021447 nan
4441.600000 1.017850 nan
4442.400000 1.027944 nan
4443.200000 1.030723 nan
4444.000000 1.039199 nan
4444.800000 1.040030 nan
4445.600000 1.043634 nan
4446.400000 1.045021 nan
4447.200000 1.039486 nan
4448.000000 1.027748 nan
4448.800000 1.013781 nan
4449.600000 1.014174 nan
4450.400000 1.043519 nan
4451.200000 1.035121 nan
4452.000000 1.041669 nan
4452.800000 1.063277 nan
4453.600000 1.073535 nan
4454.400000 1.076127 nan
4455.200000 1.077796 nan
4456.000000 1.068292 nan
4456.800000 1.044185 nan
4457.600000 1.033675 nan
4458.400000 1.033028 nan
4459.200000 1.040425 nan
4460.000000 1.054326 nan
4460.800000 1.075717 nan
4461.600000 1.091640 nan
4462.400000 1.096250 nan
4463.200000 1.097896 nan
4464.000000 1.103686 nan
4464.800000 1.109446 nan
4465.600000 1.122660 nan
4466.400000 1.124004 nan
4467.200000 1.128643 nan
4468.000000 1.139138 nan
4468.800000 1.147161 nan
4469.600000 1.143240 nan
4470.400000 1.123806 nan
4471.200000 1.104482 nan
4472.000000 1.108552 nan
4472.800000 1.113614 nan
4473.600000 1.099810 nan
4474.400000 1.144923 nan
4475.200000 1.176588 nan
4476.000000 1.182728 nan
4476.800000 1.182065 nan
4477.600000 1.187713 nan
4478.400000 1.197487 nan
4479.200000 1.207135 nan
4480.000000 1.227254 nan
4480.800000 1.235360 nan
4481.600000 1.257482 nan
4482.400000 1.278971 nan
4483.200000 1.302381 nan
4484.000000 1.346910 nan
4484.800000 1.357438 nan
4485.600000 1.350782 nan
4486.400000 1.390483 nan
4487.200000 1.375527 nan
4488.000000 1.371257 nan
4488.800000 1.409168 nan
4489.600000 1.434827 nan
4490.400000 1.467139 nan
4491.200000 1.507243 nan
4492.000000 1.523478 nan
4492.800000 1.513848 nan
4493.600000 1.503601 nan
4494.400000 1.509917 nan
4495.200000 1.574915 nan
4496.000000 1.630417 nan
4496.800000 1.658576 nan
4497.600000 1.747965 nan
4498.400000 1.841204 nan
4499.200000 1.831180 nan
4500.000000 1.690494 nan
4500.800000 1.538290 nan
4501.600000 1.480581 nan
4502.400000 1.482878 nan
4503.200000 1.473097 nan
4504.000000 1.440338 nan
4504.800000 1.392927 nan
4505.600000 1.373069 nan
4506.400000 1.362178 nan
4507.200000 1.353664 nan
4508.000000 1.348421 nan
4508.800000 1.332744 nan
4509.600000 1.323666 nan
4510.400000 1.311378 nan
4511.200000 1.298373 nan
4512.000000 1.290399 nan
4512.800000 1.281691 nan
4513.600000 1.279947 nan
4514.400000 1.274446 nan
4515.200000 1.260340 nan
4516.000000 1.251222 nan
4516.800000 1.244167 nan
4517.600000 1.236475 nan
4518.400000 1.225621 nan
4519.200000 1.212158 nan
4520.000000 1.201264 nan
4520.800000 1.197548 nan
4521.600000 1.192274 nan
4522.400000 1.180960 nan
4523.200000 1.171798 nan
4524.000000 1.168018 nan
4524.800000 1.157300 nan
4525.600000 1.152742 nan
4526.400000 1.133562 nan
4527.200000 1.133071 nan
4528.000000 1.114923 nan
4528.800000 1.114582 nan
4529.600000 1.113439 nan
4530.400000 1.082089 nan
4531.200000 1.076692 nan
4532.000000 1.078432 nan
4532.800000 1.075623 nan
4533.600000 1.065988 nan
4534.400000 1.057252 nan
4535.200000 1.052225 nan
4536.000000 1.052050 nan
4536.800000 1.048197 nan
4537.600000 1.037356 nan
4538.400000 1.029869 nan
4539.200000 1.026325 nan
4540.000000 1.019162 nan
4540.800000 1.017695 nan
4541.600000 1.012093 nan
4542.400000 1.013279 nan
4543.200000 1.006608 nan
4544.000000 0.993028 nan
4544.800000 0.989208 nan
4545.600000 0.997453 nan
4546.400000 0.997664 nan
4547.200000 0.990911 nan
4548.000000 0.986179 nan
4548.800000 0.987161 nan
4549.600000 0.982157 nan
4550.400000 0.980201 nan
4551.200000 0.980837 nan
4552.000000 0.982204 nan
4552.800000 0.982943 nan
4553.600000 0.980689 nan
4554.400000 0.994135 nan
4555.200000 0.996942 nan
4556.000000 0.993559 nan
4556.800000 0.993333 nan
4557.600000 0.995997 nan
4558.400000 0.994226 nan
4559.200000 0.993781 nan
4560.000000 1.000068 nan
4560.800000 1.008108 nan
4561.600000 1.020956 nan
4562.400000 1.001788 nan
4563.200000 1.012289 nan
4564.000000 1.004007 nan
4564.800000 1.006666 nan
4565.600000 1.010440 nan
4566.400000 1.016893 nan
4567.200000 1.022840 nan
4568.000000 1.018676 nan
4568.800000 1.040697 nan
4569.600000 1.040082 nan
4570.400000 1.043199 nan
4571.200000 1.035897 nan
4572.000000 1.044135 nan
4572.800000 1.050423 nan
4573.600000 1.053323 nan
4574.400000 1.054555 nan
4575.200000 1.051779 nan
4576.000000 1.061740 nan
4576.800000 1.067976 nan
4577.600000 1.079725 nan
4578.400000 1.084772 nan
4579.200000 1.087784 nan
4580.000000 1.098693 nan
4580.800000 1.108405 nan
4581.600000 1.105908 nan
4582.400000 1.098435 nan
4583.200000 1.105164 nan
4584.000000 1.120120 nan
4584.800000 1.113991 nan
4585.600000 1.118783 nan
4586.400000 1.123713 nan
4587.200000 1.126805 nan
4588.000000 1.128246 nan
4588.800000 1.126550 nan
4589.600000 1.126119 nan
4590.400000 1.134288 nan
4591.200000 1.143710 nan
4592.000000 1.150561 nan
4592.800000 1.152228 nan
4593.600000 1.161147 nan
4594.400000 1.157484 nan
4595.200000 1.151524 nan
4596.000000 1.149887 nan
4596.800000 1.150142 nan
4597.600000 1.151844 nan
4598.400000 1.149710 nan
4599.200000 1.144217 nan
4600.000000 1.144657 nan
4600.800000 1.149729 nan
4601.600000 1.142984 nan
4602.400000 1.127804 nan
4603.200000 1.123033 nan
4604.000000 1.125380 nan
4604.800000 1.114586 nan
4605.600000 1.099939 nan
4606.400000 1.104513 nan
4607.200000 1.105891 nan
4608.000000 1.100480 nan
4608.800000 1.095653 nan
4609.600000 1.090618 nan
4610.400000 1.081611 nan
4611.200000 1.069164 nan
4612.000000 1.062145 nan
4612.800000 1.064711 nan
4613.600000 1.057018 nan
4614.400000 1.053177 nan
4615.200000 1.055442 nan
4616.000000 1.051794 nan
4616.800000 1.048731 nan
4617.600000 1.042221 nan
4618.400000 1.039804 nan
4619.200000 1.046035 nan
4620.000000 1.047404 nan
4620.800000 1.049304 nan
4621.600000 1.049984 nan
4622.400000 1.043852 nan
4623.200000 1.028467 nan
4624.000000 1.038500 nan
4624.800000 1.049587 nan
4625.600000 1.046621 nan
4626.400000 1.037793 nan
4627.200000 1.034087 nan
4628.000000 1.042072 nan
4628.800000 1.035908 nan
4629.600000 1.041310 nan
4630.400000 1.019466 nan
4631.200000 1.032939 nan
4632.000000 1.043332 nan
4632.800000 1.039858 nan
4633.600000 1.041701 nan
4634.400000 1.048344 nan
4635.200000 1.047023 nan
4636.000000 1.046033 nan
4636.800000 1.038582 nan
4637.600000 1.061367 nan
4638.400000 1.040159 nan
4639.200000 1.043347 nan
4640.000000 1.053982 nan
4640.800000 1.050484 nan
4641.600000 1.047307 nan
4642.400000 1.044161 nan
4643.200000 1.064331 nan
4644.000000 1.056185 nan
4644.800000 1.044295 nan
4645.600000 1.059452 nan
4646.400000 1.040785 nan
4647.200000 1.034719 nan
4648.000000 1.052552 nan
4648.800000 1.059917 nan
4649.600000 1.060829 nan
4650.400000 1.060231 nan
4651.200000 1.062787 nan
4652.000000 1.058900 nan
4652.800000 1.010959 nan
4653.600000 1.039194 nan
4654.400000 1.075095 nan
4655.200000 1.065307 nan
4656.000000 1.054317 nan
4656.800000 1.076678 nan
4657.600000 1.069304 nan
4658.400000 1.088119 nan
4659.200000 1.087278 nan
4660.000000 1.084196 nan
4660.800000 1.079333 nan
4661.600000 1.112842 nan
4662.400000 1.107767 nan
4663.200000 1.072307 nan
4664.000000 1.082958 nan
4664.800000 1.091615 nan
4665.600000 1.110155 nan
4666.400000 1.107950 nan
4667.200000 1.086337 nan
4668.000000 1.084743 nan
4668.800000 1.091874 nan
4669.600000 1.091473 nan
4670.400000 1.094805 nan
4671.200000 1.098519 nan
4672.000000 1.079918 nan
4672.800000 1.083595 nan
4673.600000 1.085142 nan
4674.400000 1.105403 nan
4675.200000 1.081400 nan
4676.000000 1.080539 nan
4676.800000 1.083812 nan
4677.600000 1.089048 nan
4678.400000 1.092849 nan
4679.200000 1.070640 nan
4680.000000 1.087200 nan
4680.800000 1.095517 nan
4681.600000 1.089883 nan
4682.400000 1.098876 nan
4683.200000 1.089981 nan
4684.000000 1.104030 nan
4684.800000 1.107676 nan
4685.600000 1.090272 nan
4686.400000 1.095917 nan
4687.200000 1.085662 nan
4688.000000 1.076612 nan
4688.800000 1.083641 nan
4689.600000 1.109232 nan
4690.400000 1.109524 nan
4691.200000 1.075017 nan
4692.000000 1.054630 nan
4692.800000 1.074554 nan
4693.600000 1.088406 nan
4694.400000 1.056391 nan
4695.200000 1.062140 nan
4696.000000 1.058314 nan
4696.800000 1.056582 nan
4697.600000 1.047341 nan
4698.400000 1.032276 nan
4699.200000 1.035255 nan
4700.000000 1.046848 nan
4700.800000 1.040030 nan
4701.600000 1.028311 nan
4702.400000 1.038306 nan
4703.200000 1.026105 nan
4704.000000 1.058160 nan
4704.800000 1.042167 nan
4705.600000 1.039055 nan
4706.400000 1.028681 nan
4707.200000 1.003550 nan
4708.000000 0.993855 nan
4708.800000 0.999960 nan
4709.600000 0.992937 nan
4710.400000 1.004114 nan
4711.200000 0.992764 nan
4712.000000 0.990962 nan
4712.800000 0.991689 nan
4713.600000 0.977908 nan
4714.400000 0.984603 nan
4715.200000 0.990600 nan
4716.000000 0.967072 nan
4716.800000 1.000722 nan
4717.600000 0.991276 nan
4718.400000 0.980503 nan
4719.200000 1.018493 nan
4720.000000 0.991966 nan
4720.800000 0.972300 nan
4721.600000 0.973892 nan
4722.400000 0.969444 nan
4723.200000 0.966596 nan
4724.000000 0.965044 nan
4724.800000 0.957691 nan
4725.600000 0.964888 nan
4726.400000 0.981080 nan
4727.200000 0.964649 nan
4728.000000 0.961636 nan
4728.800000 0.995417 nan
4729.600000 1.006065 nan
4730.400000 0.983587 nan
4731.200000 1.001300 nan
4732.000000 0.992289 nan
4732.800000 0.968232 nan
4733.600000 0.981740 nan
4734.400000 0.955524 nan
4735.200000 1.006596 nan
4736.000000 1.004641 nan
4736.800000 0.953024 nan
4737.600000 0.950847 nan
4738.400000 0.971000 nan
4739.200000 0.964293 nan
4740.000000 0.976495 nan
4740.800000 0.956711 nan
4741.600000 0.982301 nan
4742.400000 1.006910 nan
4743.200000 0.979946 nan
4744.000000 0.968516 nan
4744.800000 0.980430 nan
4745.600000 0.960897 nan
4746.400000 0.966916 nan
4747.200000 0.967292 nan
4748.000000 0.969325 nan
4748.800000 0.986777 nan
4749.600000 0.963221 nan
4750.400000 0.966489 nan
4751.200000 0.985760 nan
4752.000000 0.985339 nan
4752.800000 0.974454 nan
4753.600000 0.972387 nan
4754.400000 0.973613 nan
4755.200000 0.945912 nan
4756.000000 1.000936 nan
4756.800000 0.971393 nan
4757.600000 0.973922 nan
4758.400000 0.993407 nan
4759.200000 0.981594 nan
4760.000000 0.971818 nan
4760.800000 0.993030 nan
4761.600000 0.987326 nan
4762.400000 0.987892 nan
4763.200000 0.961516 nan
4764.000000 0.998394 nan
4764.800000 0.987951 nan
4765.600000 0.984184 nan
4766.400000 0.986103 nan
4767.200000 0.975091 nan
4768.000000 0.984150 nan
4768.800000 0.980029 nan
4769.600000 1.006932 nan
4770.400000 0.970367 nan
4771.200000 0.976554 nan
4772.000000 0.993626 nan
4772.800000 0.995242 nan
4773.600000 0.998846 nan
4774.400000 0.998020 nan
4775.200000 0.985018 nan
4776.000000 1.001671 nan
4776.800000 1.006110 nan
4777.600000 0.996432 nan
4778.400000 1.005382 nan
4779.200000 1.008974 nan
4780.000000 1.018735 nan
4780.800000 1.017582 nan
4781.600000 1.004632 nan
4782.400000 0.990850 nan
4783.200000 0.973818 nan
4784.000000 0.996324 nan
4784.800000 1.015289 nan
4785.600000 1.026603 nan
4786.400000 1.007610 nan
4787.200000 1.010226 nan
4788.000000 1.027227 nan
4788.800000 1.016664 nan
4789.600000 1.002334 nan
4790.400000 1.037255 nan
4791.200000 1.041506 nan
4792.000000 1.041487 nan
4792.800000 1.032747 nan
4793.600000 1.023489 nan
4794.400000 1.049627 nan
4795.200000 1.045007 nan
4796.000000 1.032807 nan
4796.800000 1.036474 nan
4797.600000 1.023459 nan
4798.400000 1.033917 nan
4799.200000 1.044978 nan
4800.000000 1.053116 nan
4800.800000 1.049449 nan
4801.600000 1.059386 nan
4802.400000 1.047759 nan
4803.200000 1.047265 nan
4804.000000 1.052458 nan
4804.800000 1.036797 nan
4805.600000 1.050753 nan
4806.400000 1.027132 nan
4807.200000 1.064423 nan
4808.000000 1.076942 nan
4808.800000 1.076649 nan
4809.600000 1.083197 nan
4810.400000 1.090583 nan
4811.200000 1.087284 nan
4812.000000 1.089923 nan
4812.800000 1.112928 nan
4813.600000 1.094405 nan
4814.400000 1.100579 nan
4815.200000 1.098270 nan
4816.000000 1.108683 nan
4816.800000 1.109337 nan
4817.600000 1.107537 nan
4818.400000 1.108877 nan
4819.200000 1.121602 nan
4820.000000 1.142220 nan
4820.800000 1.120702 nan
4821.600000 1.129602 nan
4822.400000 1.102695 nan
4823.200000 1.123453 nan
4824.000000 1.135092 nan
4824.800000 1.133829 nan
4825.600000 1.131780 nan
4826.400000 1.136201 nan
4827.200000 1.142089 nan
4828.000000 1.129295 nan
4828.800000 1.150589 nan
4829.600000 1.129313 nan
4830.400000 1.138657 nan
4831.200000 1.153778 nan
4832.000000 1.155054 nan
4832.800000 1.140284 nan
4833.600000 1.141980 nan
4834.400000 1.163442 nan
4835.200000 1.140514 nan
4836.000000 1.133044 nan
4836.800000 1.157705 nan
4837.600000 1.138910 nan
4838.400000 1.130367 nan
4839.200000 1.151866 nan
4840.000000 1.155785 nan
4840.800000 1.147907 nan
4841.600000 1.154404 nan
4842.400000 1.146519 nan
4843.200000 1.139729 nan
4844.000000 1.139117 nan
4844.800000 1.117788 nan
4845.600000 1.120427 nan
4846.400000 1.116678 nan
4847.200000 1.107757 nan
4848.000000 1.092936 nan
4848.800000 1.087226 nan
4849.600000 1.106027 nan
4850.400000 1.091870 nan
4851.200000 1.100110 nan
4852.000000 1.095828 nan
4852.800000 1.017528 nan
4853.600000 1.042180 nan
4854.400000 1.080591 nan
4855.200000 1.071813 nan
4856.000000 1.051222 nan
4856.800000 1.053049 nan
4857.600000 1.068421 nan
4858.400000 1.050422 nan
4859.200000 1.017954 nan
4860.000000 1.033258 nan
4860.800000 1.041188 nan
4861.600000 1.050427 nan
4862.400000 1.047335 nan
4863.200000 1.038950 nan
4864.000000 1.041649 nan
4864.800000 1.026910 nan
4865.600000 1.016980 nan
4866.400000 1.017023 nan
4867.200000 1.008083 nan
4868.000000 1.016601 nan
4868.800000 1.010339 nan
4869.600000 0.990615 nan
4870.400000 0.998315 nan
4871.200000 1.009815 nan
4872.000000 0.969522 nan
4872.800000 0.995912 nan
4873.600000 1.017305 nan
4874.400000 0.984139 nan
4875.200000 0.982467 nan
4876.000000 0.981314 nan
4876.800000 0.976081 nan
4877.600000 0.975121 nan
4878.400000 0.982468 nan
4879.200000 0.996122 nan
4880.000000 0.992015 nan
4880.800000 0.976697 nan
4881.600000 0.981251 nan
4882.400000 1.010866 nan
4883.200000 0.975906 nan
4884.000000 0.967642 nan
4884.800000 1.000819 nan
4885.600000 0.999673 nan
4886.400000 0.966548 nan
4887.200000 0.987864 nan
4888.000000 0.968545 nan
4888.800000 0.970450 nan
4889.600000 0.965764 nan
4890.400000 0.978640 nan
4891.200000 0.979169 nan
4892.000000 0.969643 nan
4892.800000 0.967403 nan
4893.600000 0.972142 nan
4894.400000 0.972324 nan
4895.200000 0.962239 nan
4896.000000 0.966272 nan
4896.800000 0.988353 nan
4897.600000 0.994065 nan
4898.400000 0.991493 nan
4899.200000 0.981296 nan
4900.000000 0.991089 nan
4900.800000 1.012573 nan
4901.600000 0.993412 nan
4902.400000 0.995180 nan
4903.200000 0.985340 nan
4904.000000 0.963348 nan
4904.800000 0.979334 nan
4905.600000 0.985045 nan
4906.400000 0.969928 nan
4907.200000 0.962465 nan
4908.000000 0.977612 nan
4908.800000 0.992598 nan
4909.600000 0.980092 nan
4910.400000 0.975888 nan
4911.200000 0.991987 nan
4912.000000 1.005091 nan
4912.800000 1.000441 nan
4913.600000 0.975543 nan
4914.400000 0.978763 nan
4915.200000 1.010914 nan
4916.000000 1.010070 nan
4916.800000 0.975504 nan
4917.600000 0.970643 nan
4918.400000 0.998974 nan
4919.200000 1.007120 nan
4920.000000 1.011342 nan
4920.800000 0.996751 nan
4921.600000 1.003667 nan
4922.400000 1.030779 nan
4923.200000 1.015526 nan
4924.000000 0.975234 nan
4924.800000 1.024214 nan
4925.600000 1.006621 nan
4926.400000 1.029821 nan
4927.200000 1.037345 nan
4928.000000 1.025445 nan
4928.800000 1.029945 nan
4929.600000 1.047199 nan
4930.400000 1.048228 nan
4931.200000 1.033366 nan
4932.000000 1.028538 nan
4932.800000 1.026554 nan
4933.600000 1.074595 nan
4934.400000 1.053074 nan
4935.200000 1.050944 nan
4936.000000 1.072433 nan
4936.800000 1.064825 nan
4937.600000 1.045797 nan
4938.400000 1.063417 nan
4939.200000 1.069079 nan
4940.000000 1.088368 nan
4940.800000 1.098956 nan
4941.600000 1.109389 nan
4942.400000 1.094191 nan
4943.200000 1.102430 nan
4944.000000 1.089942 nan
4944.800000 1.061209 nan
4945.600000 1.071883 nan
4946.400000 1.071112 nan
4947.200000 1.089303 nan
4948.000000 1.078072 nan
4948.800000 1.054639 nan
4949.600000 1.073877 nan
4950.400000 1.064726 nan
4951.200000 1.067232 nan
4952.000000 1.092030 nan
4952.800000 1.079508 nan
4953.600000 1.050159 nan
4954.400000 1.070419 nan
4955.200000 1.065847 nan
4956.000000 1.039987 nan
4956.800000 1.016372 nan
4957.600000 1.053471 nan
4958.400000 1.067869 nan
4959.200000 1.030656 nan
4960.000000 1.012101 nan
4960.800000 1.042420 nan
4961.600000 1.047469 nan
4962.400000 1.024771 nan
4963.200000 0.998887 nan
4964.000000 1.027062 nan
4964.800000 1.036592 nan
4965.600000 1.044939 nan
4966.400000 1.038851 nan
4967.200000 1.019590 nan
4968.000000 1.035485 nan
4968.800000 1.053242 nan
4969.600000 1.012154 nan
4970.400000 1.015328 nan
4971.200000 1.009595 nan
4972.000000 1.039060 nan
4972.800000 1.049774 nan
4973.600000 1.075695 nan
4974.400000 1.080639 nan
4975.200000 1.021106 nan
4976.000000 1.028955 nan
4976.800000 1.017286 nan
4977.600000 1.007839 nan
4978.400000 1.008203 nan
4979.200000 1.016080 nan
4980.000000 1.007952 nan
4980.800000 1.027415 nan
4981.600000 1.042213 nan
4982.400000 1.020994 nan
4983.200000 1.029909 nan
4984.000000 1.007499 nan
4984.800000 1.007420 nan
4985.600000 1.033772 nan
4986.400000 1.006498 nan
4987.200000 1.003050 nan
4988.000000 0.996752 nan
4988.800000 0.981380 nan
4989.600000 0.983913 nan
4990.400000 0.988980 nan
4991.200000 0.984140 nan
4992.000000 0.976409 nan
4992.800000 0.986729 nan
4993.600000 0.993793 nan
4994.400000 1.024094 nan
4995.200000 1.016485 nan
4996.000000 0.989531 nan
4996.800000 0.994132 nan
4997.600000 1.008484 nan
4998.400000 0.995947 nan
4999.200000 1.033074 nan
5000.000000 0.994489 nan
5000.800000 0.979696 nan
5001.600000 0.969967 nan
5002.400000 0.970280 nan
5003.200000 0.980032 nan
5004.000000 0.992968 nan
5004.800000 1.003268 nan
5005.600000 1.001890 nan
5006.400000 1.002921 nan
5007.200000 0.998356 nan
5008.000000 1.013941 nan
5008.800000 0.985092 nan
5009.600000 0.974718 nan
5010.400000 0.987484 nan
5011.200000 0.994339 nan
5012.000000 1.002060 nan
5012.800000 1.010901 nan
5013.600000 0.962325 nan
5014.400000 0.978131 nan
5015.200000 0.980433 nan
5016.000000 0.975147 nan
5016.800000 0.985468 nan
5017.600000 1.005628 nan
5018.400000 0.994885 nan
5019.200000 0.970903 nan
5020.000000 0.989438 nan
5020.800000 0.986399 nan
5021.600000 0.982810 nan
5022.400000 0.989518 nan
5023.200000 1.009448 nan
5024.000000 0.996568 nan
5024.800000 0.985045 nan
5025.600000 0.983990 nan
5026.400000 0.999096 nan
5027.200000 1.021161 nan
5028.000000 0.991635 nan
5028.800000 0.994353 nan
5029.600000 1.001248 nan
5030.400000 0.988614 nan
5031.200000 1.003272 nan
5032.000000 0.999125 nan
5032.800000 0.999715 nan
5033.600000 1.002829 nan
5034.400000 0.987207 nan
5035.200000 0.995989 nan
5036.000000 0.987516 nan
5036.800000 1.013604 nan
5037.600000 1.016636 nan
5038.400000 1.034482 nan
5039.200000 1.037679 nan
5040.000000 1.036882 nan
5040.800000 1.021303 nan
5041.600000 0.997991 nan
5042.400000 1.021129 nan
5043.200000 1.040439 nan
5044.000000 1.051557 nan
5044.800000 1.027836 nan
5045.600000 1.046290 nan
5046.400000 1.053827 nan
5047.200000 1.028170 nan
5048.000000 1.013322 nan
5048.800000 1.012009 nan
5049.600000 0.992509 nan
5050.400000 1.005280 nan
5051.200000 1.008701 nan
5052.000000 0.993605 nan
5052.800000 1.016492 nan
5053.600000 1.025474 nan
5054.400000 1.025920 nan
5055.200000 1.018182 nan
5056.000000 1.025101 nan
5056.800000 1.051803 nan
5057.600000 1.020682 nan
5058.400000 0.999725 nan
5059.200000 1.031033 nan
5060.000000 1.020151 nan
5060.800000 1.032817 nan
5061.600000 1.011265 nan
5062.400000 0.999890 nan
5063.200000 1.017779 nan
5064.000000 1.016698 nan
5064.800000 1.007127 nan
5065.600000 1.011504 nan
5066.400000 0.993702 nan
5067.200000 1.004898 nan
5068.000000 0.994681 nan
5068.800000 1.010087 nan
5069.600000 1.008341 nan
5070.400000 1.003332 nan
5071.200000 1.024839 nan
5072.000000 1.020070 nan
5072.800000 1.004853 nan
5073.600000 1.001351 nan
5074.400000 1.018965 nan
5075.200000 1.027548 nan
5076.000000 1.015590 nan
5076.800000 1.015554 nan
5077.600000 1.014393 nan
5078.400000 1.007889 nan
5079.200000 1.026905 nan
5080.000000 1.035561 nan
5080.800000 1.002196 nan
5081.600000 1.011436 nan
5082.400000 1.022891 nan
5083.200000 1.024880 nan
5084.000000 1.008806 nan
5084.800000 1.018682 nan
5085.600000 1.038328 nan
5086.400000 1.029389 nan
5087.200000 1.046192 nan
5088.000000 1.019837 nan
5088.800000 1.007781 nan
5089.600000 1.002909 nan
5090.400000 1.010835 nan
5091.200000 1.023679 nan
5092.000000 1.017905 nan
5092.800000 1.007942 nan
5093.600000 1.010603 nan
5094.400000 1.006277 nan
5095.200000 1.026144 nan
5096.000000 1.030778 nan
5096.800000 1.009931 nan
5097.600000 1.001348 nan
5098.400000 1.006911 nan
5099.200000 1.009378 nan
5100.000000 1.006194 nan
5100.800000 0.998501 nan
5101.600000 0.985076 nan
5102.400000 0.985016 nan
5103.200000 0.993405 nan
5104.000000 1.001812 nan
5104.800000 1.034812 nan
5105.600000 1.018312 nan
5106.400000 0.981276 nan
5107.200000 0.975988 nan
5108.000000 0.994506 nan
5108.800000 0.990441 nan
5109.600000 0.975039 nan
5110.400000 0.982914 nan
5111.200000 0.998450 nan
5112.000000 1.024912 nan
5112.800000 0.992950 nan
5113.600000 0.999429 nan
5114.400000 0.993212 nan
5115.200000 0.988199 nan
5116.000000 1.019705 nan
5116.800000 0.941209 nan
5117.600000 0.970604 nan
5118.400000 1.016199 nan
5119.200000 1.017633 nan
5120.000000 0.997114 nan
5120.800000 0.982302 nan
5121.600000 1.002220 nan
5122.400000 1.016981 nan
5123.200000 0.998525 nan
5124.000000 1.007572 nan
5124.800000 1.007203 nan
5125.600000 1.018860 nan
5126.400000 1.016119 nan
5127.200000 0.992598 nan
5128.000000 0.984109 nan
5128.800000 0.987756 nan
5129.600000 1.015472 nan
5130.400000 1.052331 nan
5131.200000 1.038751 nan
5132.000000 1.006832 nan
5132.800000 1.006012 nan
5133.600000 1.016063 nan
5134.400000 1.017646 nan
5135.200000 1.024835 nan
5136.000000 1.027058 nan
5136.800000 1.035425 nan
5137.600000 1.047224 nan
5138.400000 1.039866 nan
5139.200000 1.037256 nan
5140.000000 1.046904 nan
5140.800000 1.048987 nan
5141.600000 1.053878 nan
5142.400000 1.039868 nan
5143.200000 1.056985 nan
5144.000000 1.070096 nan
5144.800000 1.067036 nan
5145.600000 1.072310 nan
5146.400000 1.053383 nan
5147.200000 1.055242 nan
5148.000000 1.069858 nan
5148.800000 1.069552 nan
5149.600000 1.069505 nan
5150.400000 1.065119 nan
5151.200000 1.075200 nan
5152.000000 1.091105 nan
5152.800000 1.070369 nan
5153.600000 1.032688 nan
5154.400000 1.087385 nan
5155.200000 1.116329 nan
5156.000000 1.091234 nan
5156.800000 1.119273 nan
5157.600000 1.087151 nan
5158.400000 1.080653 nan
5159.200000 1.098015 nan
5160.000000 1.090532 nan
5160.800000 1.104849 nan
5161.600000 1.104462 nan
5162.400000 1.086474 nan
5163.200000 1.116915 nan
5164.000000 1.105349 nan
5164.800000 1.101443 nan
5165.600000 1.099420 nan
5166.400000 1.096109 nan
5167.200000 1.094585 nan
5168.000000 1.096558 nan
5168.800000 1.117683 nan
5169.600000 1.099616 nan
5170.400000 1.092544 nan
5171.200000 1.128137 nan
5172.000000 1.120167 nan
5172.800000 1.113164 nan
5173.600000 1.121459 nan
5174.400000 1.119172 nan
5175.200000 1.110905 nan
5176.000000 1.123272 nan
5176.800000 1.114244 nan
5177.600000 1.112832 nan
5178.400000 1.124482 nan
5179.200000 1.132216 nan
5180.000000 1.140688 nan
5180.800000 1.131853 nan
5181.600000 1.123518 nan
5182.400000 1.140243 nan
5183.200000 1.149396 nan
5184.000000 1.131786 nan
5184.800000 1.149302 nan
5185.600000 1.170815 nan
5186.400000 1.150675 nan
5187.200000 1.151554 nan
5188.000000 1.152183 nan
5188.800000 1.142597 nan
5189.600000 1.149098 nan
5190.400000 1.161741 nan
5191.200000 1.138303 nan
5192.000000 1.148792 nan
5192.800000 1.143485 nan
5193.600000 1.144999 nan
5194.400000 1.140374 nan
5195.200000 1.139063 nan
5196.000000 1.142926 nan
5196.800000 1.137423 nan
5197.600000 1.122178 nan
5198.400000 1.120665 nan
5199.200000 1.120994 nan
5200.000000 1.114118 nan
5200.800000 1.111042 nan
5201.600000 1.109497 nan
5202.400000 1.102643 nan
5203.200000 1.095090 nan
5204.000000 1.091063 nan
5204.800000 1.089320 nan
5205.600000 1.098192 nan
5206.400000 1.122187 nan
5207.200000 1.081839 nan
5208.000000 1.068351 nan
5208.800000 1.063030 nan
5209.600000 1.099772 nan
5210.400000 1.085588 nan
5211.200000 1.054806 nan
5212.000000 1.070694 nan
5212.800000 1.058620 nan
5213.600000 1.064234 nan
5214.400000 1.047281 nan
5215.200000 1.040097 nan
5216.000000 1.067772 nan
5216.800000 1.062525 nan
5217.600000 1.038216 nan
5218.400000 1.050553 nan
5219.200000 1.076115 nan
5220.000000 1.059254 nan
5220.800000 1.060910 nan
5221.600000 1.030134 nan
5222.400000 1.057466 nan
5223.200000 1.008803 nan
5224.000000 1.025284 nan
5224.800000 1.049547 nan
5225.600000 1.035908 nan
5226.400000 1.035444 nan
5227.200000 1.061862 nan
5228.000000 1.041418 nan
5228.800000 1.050149 nan
5229.600000 1.056394 nan
5230.400000 1.051124 nan
5231.200000 1.035973 nan
5232.000000 1.038212 nan
5232.800000 1.027036 nan
5233.600000 1.016951 nan
5234.400000 1.037444 nan
5235.200000 1.033325 nan
5236.000000 1.010730 nan
5236.800000 1.018711 nan
5237.600000 1.012600 nan
5238.400000 1.022913 nan
5239.200000 1.021612 nan
5240.000000 1.030622 nan
5240.800000 1.036592 nan
5241.600000 1.014425 nan
5242.400000 1.007653 nan
5243.200000 1.039930 nan
5244.000000 1.019914 nan
5244.800000 1.006432 nan
5245.600000 1.022290 nan
5246.400000 1.020284 nan
5247.200000 1.020135 nan
5248.000000 1.026672 nan
5248.800000 1.028746 nan
5249.600000 1.035288 nan
5250.400000 1.042366 nan
5251.200000 1.029907 nan
5252.000000 1.038833 nan
5252.800000 1.009813 nan
5253.600000 1.016096 nan
5254.400000 1.025033 nan
5255.200000 1.007323 nan
5256.000000 1.001061 nan
5256.800000 1.020204 nan
5257.600000 0.999315 nan
5258.400000 1.030379 nan
5259.200000 1.033234 nan
5260.000000 1.030295 nan
5260.800000 1.033930 nan
5261.600000 1.017896 nan
5262.400000 1.022287 nan
5263.200000 1.034532 nan
5264.000000 1.024005 nan
5264.800000 1.028032 nan
5265.600000 1.004775 nan
5266.400000 1.001858 nan
5267.200000 1.034039 nan
5268.000000 1.035280 nan
5268.800000 1.022042 nan
5269.600000 1.039733 nan
5270.400000 1.037680 nan
5271.200000 1.005280 nan
5272.000000 1.018524 nan
5272.800000 1.003575 nan
5273.600000 1.001832 nan
5274.400000 1.036551 nan
5275.200000 1.028697 nan
5276.000000 1.031534 nan
5276.800000 1.022770 nan
5277.600000 1.014180 nan
5278.400000 1.026645 nan
5279.200000 1.035693 nan
5280.000000 1.034053 nan
5280.800000 1.040230 nan
5281.600000 1.012893 nan
5282.400000 1.032746 nan
5283.200000 1.030744 nan
5284.000000 1.041514 nan
5284.800000 1.029513 nan
5285.600000 1.005650 nan
5286.400000 1.019682 nan
5287.200000 1.008531 nan
5288.000000 1.015643 nan
5288.800000 1.036025 nan
5289.600000 1.013364 nan
5290.400000 1.002652 nan
5291.200000 1.004886 nan
5292.000000 1.022640 nan
5292.800000 1.036486 nan
5293.600000 1.039782 nan
5294.400000 1.051633 nan
5295.200000 1.000706 nan
5296.000000 1.017584 nan
5296.800000 1.005539 nan
5297.600000 1.017358 nan
5298.400000 1.005272 nan
5299.200000 0.992156 nan
5300.000000 1.002987 nan
5300.800000 1.018307 nan
5301.600000 1.015895 nan
5302.400000 1.016628 nan
5303.200000 1.036949 nan
5304.000000 1.007087 nan
5304.800000 1.004304 nan
5305.600000 1.020901 nan
5306.400000 1.024626 nan
5307.200000 1.030086 nan
5308.000000 1.033413 nan
5308.800000 1.013328 nan
5309.600000 1.014591 nan
5310.400000 1.023362 nan
5311.200000 1.007555 nan
5312.000000 1.008786 nan
5312.800000 1.019520 nan
5313.600000 0.996322 nan
5314.400000 0.995264 nan
5315.200000 1.016319 nan
5316.000000 1.007917 nan
5316.800000 1.005528 nan
5317.600000 0.991673 nan
5318.400000 1.027754 nan
5319.200000 1.009242 nan
5320.000000 1.008617 nan
5320.800000 1.004078 nan
5321.600000 1.002489 nan
5322.400000 1.000198 nan
5323.200000 0.991896 nan
5324.000000 1.002992 nan
5324.800000 1.003920 nan
5325.600000 1.008074 nan
5326.400000 0.987738 nan
5327.200000 0.996369 nan
5328.000000 0.998683 nan
5328.800000 0.994845 nan
5329.600000 0.991737 nan
5330.400000 0.993033 nan
5331.200000 1.003727 nan
5332.000000 1.007332 nan
5332.800000 1.025936 nan
5333.600000 1.000313 nan
5334.400000 0.956499 nan
5335.200000 0.981322 nan
5336.000000 1.005343 nan
5336.800000 1.005617 nan
5337.600000 1.005648 nan
5338.400000 1.002570 nan
5339.200000 0.998611 nan
5340.000000 0.991093 nan
5340.800000 1.008626 nan
5341.600000 1.003724 nan
5342.400000 1.013576 nan
5343.200000 1.008494 nan
5344.000000 0.998542 nan
5344.800000 0.995663 nan
5345.600000 0.990969 nan
5346.400000 0.998313 nan
5347.200000 1.016309 nan
5348.000000 1.005683 nan
5348.800000 0.962340 nan
5349.600000 0.985440 nan
5350.400000 0.983619 nan
5351.200000 1.006822 nan
5352.000000 1.022296 nan
5352.800000 0.984737 nan
5353.600000 0.996623 nan
5354.400000 1.007713 nan
5355.200000 1.005176 nan
5356.000000 1.013679 nan
5356.800000 1.006420 nan
5357.600000 0.993779 nan
5358.400000 0.998098 nan
5359.200000 1.001698 nan
5360.000000 0.999868 nan
5360.800000 1.010370 nan
5361.600000 0.996240 nan
5362.400000 0.981781 nan
5363.200000 1.006934 nan
5364.000000 0.999611 nan
5364.800000 0.997914 nan
5365.600000 0.994613 nan
5366.400000 0.998705 nan
5367.200000 1.004397 nan
5368.000000 0.991611 nan
5368.800000 0.991540 nan
5369.600000 0.996756 nan
5370.400000 0.985089 nan
5371.200000 0.995600 nan
5372.000000 1.016620 nan
5372.800000 0.999836 nan
5373.600000 1.002871 nan
5374.400000 1.010814 nan
5375.200000 0.980452 nan
5376.000000 0.992233 nan
5376.800000 1.006340 nan
5377.600000 1.006173 nan
5378.400000 1.016366 nan
5379.200000 1.003429 nan
5380.000000 1.002815 nan
5380.800000 0.990895 nan
5381.600000 0.986774 nan
5382.400000 1.010235 nan
5383.200000 1.012935 nan
5384.000000 1.008490 nan
5384.800000 0.987326 nan
5385.600000 0.998751 nan
5386.400000 1.028116 nan
5387.200000 1.022305 nan
5388.000000 1.000612 nan
5388.800000 1.001223 nan
5389.600000 1.009810 nan
5390.400000 1.014903 nan
5391.200000 1.050594 nan
5392.000000 0.989922 nan
5392.800000 1.029645 nan
5393.600000 1.003650 nan
5394.400000 0.993345 nan
5395.200000 1.007546 nan
5396.000000 1.019038 nan
5396.800000 1.019628 nan
5397.600000 1.018376 nan
5398.400000 1.020631 nan
5399.200000 0.996706 nan
5400.000000 1.004348 nan
5400.800000 0.991020 nan
5401.600000 1.004359 nan
5402.400000 0.997641 nan
5403.200000 0.984896 nan
5404.000000 0.997983 nan
5404.800000 1.015894 nan
5405.600000 1.003786 nan
5406.400000 0.994120 nan
5407.200000 1.008704 nan
5408.000000 1.009219 nan
5408.800000 1.006538 nan
5409.600000 1.003668 nan
5410.400000 1.001085 nan
5411.200000 1.003370 nan
5412.000000 1.006551 nan
5412.800000 1.002307 nan
5413.600000 1.001907 nan
5414.400000 0.987666 nan
5415.200000 0.994501 nan
5416.000000 1.021327 nan
5416.800000 0.993465 nan
5417.600000 0.982185 nan
5418.400000 0.998632 nan
5419.200000 1.003979 nan
5420.000000 1.002230 nan
5420.800000 1.002039 nan
5421.600000 0.998576 nan
5422.400000 1.001679 nan
5423.200000 1.027735 nan
5424.000000 0.995291 nan
5424.800000 0.993428 nan
5425.600000 0.999791 nan
5426.400000 1.000894 nan
5427.200000 1.026282 nan
5428.000000 1.007767 nan
5428.800000 0.993697 nan
5429.600000 1.010820 nan
5430.400000 1.012739 nan
5431.200000 1.018404 nan
5432.000000 1.025711 nan
5432.800000 1.009486 nan
5433.600000 0.993760 nan
5434.400000 1.004881 nan
5435.200000 1.013744 nan
5436.000000 1.031270 nan
5436.800000 1.006465 nan
5437.600000 0.975836 nan
5438.400000 1.003589 nan
5439.200000 1.013387 nan
5440.000000 1.001913 nan
5440.800000 1.007182 nan
5441.600000 1.019294 nan
5442.400000 1.001779 nan
5443.200000 0.993486 nan
5444.000000 1.004785 nan
5444.800000 1.008388 nan
5445.600000 1.013561 nan
5446.400000 1.019198 nan
5447.200000 1.009104 nan
5448.000000 1.009799 nan
5448.800000 1.013559 nan
5449.600000 1.012094 nan
5450.400000 1.065560 nan
5451.200000 0.990031 nan
5452.000000 1.001560 nan
5452.800000 1.001155 nan
5453.600000 1.034285 nan
5454.400000 1.014325 nan
5455.200000 0.998622 nan
5456.000000 1.004959 nan
5456.800000 0.981906 nan
5457.600000 1.004269 nan
5458.400000 1.027965 nan
5459.200000 1.011658 nan
5460.000000 1.021310 nan
5460.800000 1.019279 nan
5461.600000 1.007019 nan
5462.400000 0.995867 nan
5463.200000 0.984996 nan
5464.000000 0.988518 nan
5464.800000 1.021381 nan
5465.600000 1.017813 nan
5466.400000 0.978433 nan
5467.200000 1.012227 nan
5468.000000 1.002772 nan
5468.800000 0.995132 nan
5469.600000 0.993397 nan
5470.400000 1.001877 nan
5471.200000 1.025986 nan
5472.000000 1.019403 nan
5472.800000 0.970850 nan
5473.600000 1.023891 nan
5474.400000 1.017483 nan
5475.200000 1.004394 nan
5476.000000 1.008754 nan
5476.800000 1.022253 nan
5477.600000 1.013006 nan
5478.400000 0.995141 nan
5479.200000 1.002516 nan
5480.000000 0.993464 nan
5480.800000 0.993157 nan
5481.600000 1.004486 nan
5482.400000 0.998774 nan
5483.200000 1.006785 nan
5484.000000 0.983575 nan
5484.800000 0.979153 nan
5485.600000 1.008406 nan
5486.400000 1.008630 nan
5487.200000 0.986877 nan
5488.000000 0.994248 nan
5488.800000 1.007342 nan
5489.600000 1.001589 nan
5490.400000 0.991936 nan
5491.200000 1.007529 nan
5492.000000 0.990402 nan
5492.800000 0.978688 nan
5493.600000 1.009436 nan
5494.400000 1.001806 nan
5495.200000 1.003895 nan
5496.000000 0.982038 nan
5496.800000 0.985739 nan
5497.600000 1.006785 nan
5498.400000 1.016854 nan
5499.200000 1.022145 nan
5500.000000 1.002860 nan
5500.800000 0.982329 nan
5501.600000 1.003245 nan
5502.400000 0.981225 nan
5503.200000 0.995439 nan
5504.000000 1.012754 nan
5504.800000 0.982896 nan
5505.600000 0.990027 nan
5506.400000 0.977293 nan
5507.200000 0.989885 nan
5508.000000 1.008087 nan
5508.800000 0.958607 nan
5509.600000 0.984866 nan
5510.400000 1.028838 nan
5511.200000 1.010903 nan
5512.000000 1.006512 nan
5512.800000 1.020421 nan
5513.600000 0.985397 nan
5514.400000 0.973687 nan
5515.200000 1.001747 nan
5516.000000 1.000609 nan
5516.800000 0.992637 nan
5517.600000 0.992720 nan
5518.400000 1.003192 nan
5519.200000 0.990328 nan
5520.000000 1.002084 nan
5520.800000 1.003122 nan
5521.600000 1.002711 nan
5522.400000 1.009785 nan
5523.200000 1.006676 nan
5524.000000 0.995100 nan
5524.800000 1.001616 nan
5525.600000 0.994536 nan
5526.400000 1.014667 nan
5527.200000 1.004654 nan
5528.000000 1.006071 nan
5528.800000 1.016836 nan
5529.600000 1.002832 nan
5530.400000 1.000386 nan
5531.200000 1.046698 nan
5532.000000 1.030790 nan
5532.800000 1.029410 nan
5533.600000 0.989902 nan
5534.400000 1.014484 nan
5535.200000 0.994107 nan
5536.000000 1.010540 nan
5536.800000 1.029097 nan
5537.600000 1.026371 nan
5538.400000 1.049109 nan
5539.200000 1.030259 nan
5540.000000 1.011484 nan
5540.800000 1.009060 nan
5541.600000 1.013627 nan
5542.400000 1.021690 nan
5543.200000 1.022106 nan
5544.000000 1.018394 nan
5544.800000 1.016922 nan
5545.600000 1.020055 nan
5546.400000 1.025826 nan
5547.200000 1.020052 nan
5548.000000 1.017367 nan
5548.800000 0.992483 nan
5549.600000 1.017651 nan
5550.400000 1.014987 nan
5551.200000 1.000868 nan
5552.000000 0.997678 nan
5552.800000 1.012035 nan
5553.600000 1.040686 nan
5554.400000 1.002540 nan
5555.200000 1.011251 nan
5556.000000 0.987247 nan
5556.800000 0.997218 nan
5557.600000 0.999339 nan
5558.400000 1.002814 nan
5559.200000 0.989395 nan
5560.000000 0.970448 nan
5560.800000 0.997914 nan
5561.600000 1.009770 nan
5562.400000 0.964041 nan
5563.200000 0.965058 nan
5564.000000 0.963548 nan
5564.800000 1.002346 nan
5565.600000 1.003176 nan
5566.400000 0.982743 nan
5567.200000 0.992987 nan
5568.000000 1.010195 nan
5568.800000 1.005897 nan
5569.600000 1.034106 nan
5570.400000 1.000858 nan
5571.200000 0.991659 nan
5572.000000 0.983698 nan
5572.800000 0.991909 nan
5573.600000 0.992266 nan
5574.400000 0.998092 nan
5575.200000 1.012648 nan
5576.000000 0.981482 nan
5576.800000 0.988422 nan
5577.600000 0.987699 nan
5578.400000 0.971371 nan
5579.200000 0.987745 nan
5580.000000 1.000275 nan
5580.800000 0.993861 nan
5581.600000 0.987756 nan
5582.400000 0.979675 nan
5583.200000 0.962307 nan
5584.000000 0.992741 nan
5584.800000 1.002836 nan
5585.600000 1.004826 nan
5586.400000 0.997180 nan
5587.200000 0.989697 nan
5588.000000 0.987592 nan
5588.800000 0.990704 nan
5589.600000 0.995923 nan
5590.400000 0.997503 nan
5591.200000 0.994315 nan
5592.000000 0.996154 nan
5592.800000 0.997234 nan
5593.600000 1.002257 nan
5594.400000 1.002880 nan
5595.200000 0.992277 nan
5596.000000 0.997911 nan
5596.800000 0.994033 nan
5597.600000 0.958107 nan
5598.400000 0.980844 nan
5599.200000 1.021407 nan
5600.000000 1.004302 nan
5600.800000 1.011028 nan
5601.600000 1.001995 nan
5602.400000 1.005036 nan
5603.200000 0.996745 nan
5604.000000 0.987689 nan
5604.800000 1.006330 nan
5605.600000 1.011313 nan
5606.400000 0.999062 nan
5607.200000 1.030497 nan
5608.000000 1.021283 nan
5608.800000 1.022024 nan
5609.600000 1.064482 nan
5610.400000 1.053741 nan
5611.200000 1.031925 nan
5612.000000 1.037235 nan
5612.800000 1.002342 nan
5613.600000 1.022228 nan
5614.400000 1.020973 nan
5615.200000 1.011210 nan
5616.000000 0.993893 nan
5616.800000 0.975472 nan
5617.600000 0.982979 nan
5618.400000 0.998795 nan
5619.200000 0.999771 nan
5620.000000 0.992709 nan
5620.800000 0.986537 nan
5621.600000 1.006717 nan
5622.400000 0.980324 nan
5623.200000 1.001829 nan
5624.000000 0.990972 nan
5624.800000 0.975965 nan
5625.600000 0.977587 nan
5626.400000 0.989020 nan
5627.200000 0.995940 nan
5628.000000 0.986504 nan
5628.800000 1.005163 nan
5629.600000 0.985398 nan
5630.400000 0.973419 nan
5631.200000 0.975710 nan
5632.000000 0.983105 nan
5632.800000 0.987974 nan
5633.600000 0.997041 nan
5634.400000 1.008068 nan
5635.200000 1.001033 nan
5636.000000 0.994747 nan
5636.800000 1.013540 nan
5637.600000 0.981319 nan
5638.400000 0.976732 nan
5639.200000 0.995976 nan
5640.000000 0.991092 nan
5640.800000 0.972705 nan
5641.600000 0.970672 nan
5642.400000 0.972932 nan
5643.200000 0.967413 nan
5644.000000 0.972461 nan
5644.800000 0.958753 nan
5645.600000 0.949518 nan
5646.400000 0.978269 nan
5647.200000 0.989978 nan
5648.000000 0.992748 nan
5648.800000 0.987835 nan
5649.600000 0.962329 nan
5650.400000 0.983930 nan
5651.200000 0.985481 nan
5652.000000 1.006655 nan
5652.800000 0.995508 nan
5653.600000 0.986691 nan
5654.400000 0.989958 nan
5655.200000 0.996268 nan
5656.000000 0.994782 nan
5656.800000 0.991899 nan
5657.600000 0.999222 nan
5658.400000 0.989507 nan
5659.200000 1.040415 nan
5660.000000 1.000157 nan
5660.800000 0.998795 nan
5661.600000 0.985833 nan
5662.400000 0.978815 nan
5663.200000 0.986136 nan
5664.000000 0.982588 nan
5664.800000 0.981070 nan
5665.600000 0.979653 nan
5666.400000 0.977883 nan
5667.200000 0.982605 nan
5668.000000 0.974489 nan
5668.800000 0.973564 nan
5669.600000 0.963280 nan
5670.400000 0.961697 nan
5671.200000 0.972815 nan
5672.000000 0.961794 nan
5672.800000 0.956568 nan
5673.600000 0.956160 nan
5674.400000 0.961610 nan
5675.200000 0.969837 nan
5676.000000 0.963099 nan
5676.800000 0.951430 nan
5677.600000 0.956339 nan
5678.400000 0.967910 nan
5679.200000 0.967431 nan
5680.000000 0.974986 nan
5680.800000 0.970986 nan
5681.600000 0.968941 nan
5682.400000 0.958996 nan
5683.200000 0.963566 nan
5684.000000 0.960312 nan
5684.800000 0.966219 nan
5685.600000 0.972696 nan
5686.400000 0.953549 nan
5687.200000 0.943467 nan
5688.000000 0.958771 nan
5688.800000 0.967948 nan
5689.600000 0.968355 nan
5690.400000 0.969257 nan
5691.200000 0.957207 nan
5692.000000 0.960366 nan
5692.800000 0.969301 nan
5693.600000 0.962749 nan
5694.400000 0.964171 nan
5695.200000 0.970277 nan
5696.000000 0.975521 nan
5696.800000 0.986737 nan
5697.600000 0.989068 nan
5698.400000 0.997944 nan
5699.200000 1.006282 nan
5700.000000 1.005619 nan
5700.800000 1.009706 nan
5701.600000 1.024950 nan
5702.400000 1.017937 nan
5703.200000 1.007696 nan
5704.000000 1.018716 nan
5704.800000 1.025458 nan
5705.600000 1.024411 nan
5706.400000 1.019030 nan
5707.200000 1.019351 nan
5708.000000 1.028461 nan
5708.800000 1.037700 nan
5709.600000 1.039843 nan
5710.400000 1.036158 nan
5711.200000 1.043814 nan
5712.000000 1.051880 nan
5712.800000 1.055191 nan
5713.600000 1.052723 nan
5714.400000 1.057785 nan
5715.200000 1.071830 nan
5716.000000 1.081680 nan
5716.800000 1.086605 nan
5717.600000 1.097840 nan
5718.400000 1.097536 nan
5719.200000 1.093561 nan
5720.000000 1.094556 nan
5720.800000 1.096025 nan
5721.600000 1.089217 nan
5722.400000 1.088642 nan
5723.200000 1.103811 nan
5724.000000 1.114690 nan
5724.800000 1.118255 nan
5725.600000 1.116273 nan
5726.400000 1.120755 nan
5727.200000 1.129148 nan
5728.000000 1.140210 nan
5728.800000 1.147867 nan
5729.600000 1.144747 nan
5730.400000 1.131809 nan
5731.200000 1.119174 nan
5732.000000 1.114406 nan
5732.800000 1.124658 nan
5733.600000 1.124517 nan
5734.400000 1.125111 nan
5735.200000 1.122869 nan
5736.000000 1.120429 nan
5736.800000 1.125784 nan
5737.600000 1.131633 nan
5738.400000 1.127287 nan
5739.200000 1.121299 nan
5740.000000 1.105494 nan
5740.800000 1.102417 nan
5741.600000 1.094978 nan
5742.400000 1.085561 nan
5743.200000 1.087371 nan
5744.000000 1.083328 nan
5744.800000 1.078053 nan
5745.600000 1.084626 nan
5746.400000 1.081384 nan
5747.200000 1.073854 nan
5748.000000 1.077458 nan
5748.800000 1.069012 nan
5749.600000 1.052183 nan
5750.400000 1.054344 nan
5751.200000 1.053738 nan
5752.000000 1.046667 nan
5752.800000 1.041964 nan
5753.600000 1.030036 nan
5754.400000 1.030834 nan
5755.200000 1.063149 nan
5756.000000 1.034733 nan
5756.800000 1.030392 nan
5757.600000 1.027907 nan
5758.400000 1.022724 nan
5759.200000 1.014469 nan
5760.000000 1.007745 nan
5760.800000 1.010088 nan
5761.600000 1.005649 nan
5762.400000 1.014407 nan
5763.200000 1.008483 nan
5764.000000 1.004352 nan
5764.800000 1.005604 nan
5765.600000 1.005864 nan
5766.400000 1.006063 nan
5767.200000 1.001183 nan
5768.000000 0.988890 nan
5768.800000 0.986178 nan
5769.600000 0.987830 nan
5770.400000 0.985978 nan
5771.200000 0.985004 nan
5772.000000 0.990635 nan
5772.800000 0.998526 nan
5773.600000 0.987315 nan
5774.400000 0.974262 nan
5775.200000 0.987965 nan
5776.000000 1.002070 nan
5776.800000 0.985934 nan
5777.600000 0.981057 nan
5778.400000 0.976428 nan
5779.200000 0.982387 nan
5780.000000 0.981574 nan
5780.800000 0.975500 nan
5781.600000 0.974172 nan
5782.400000 0.969936 nan
5783.200000 0.958561 nan
5784.000000 0.971819 nan
5784.800000 0.968572 nan
5785.600000 0.966604 nan
5786.400000 0.978062 nan
5787.200000 0.973438 nan
5788.000000 0.973719 nan
5788.800000 0.975070 nan
5789.600000 0.970227 nan
5790.400000 0.972573 nan
5791.200000 0.974941 nan
5792.000000 0.982750 nan
5792.800000 0.968394 nan
5793.600000 0.981435 nan
5794.400000 0.981860 nan
5795.200000 0.970407 nan
5796.000000 0.974652 nan
5796.800000 0.974183 nan
5797.600000 0.952022 nan
5798.400000 0.962528 nan
5799.200000 0.980452 nan
5800.000000 0.988573 nan
5800.800000 0.982785 nan
5801.600000 0.975731 nan
5802.400000 0.975343 nan
5803.200000 0.964276 nan
5804.000000 0.965328 nan
5804.800000 0.984457 nan
5805.600000 0.973674 nan
5806.400000 0.984541 nan
5807.200000 1.015834 nan
5808.000000 0.989309 nan
5808.800000 0.972656 nan
5809.600000 0.980718 nan
5810.400000 0.981966 nan
5811.200000 0.969441 nan
5812.000000 0.993752 nan
5812.800000 1.046330 nan
5813.600000 0.977825 nan
5814.400000 0.973472 nan
5815.200000 0.972232 nan
5816.000000 0.978284 nan
5816.800000 0.985786 nan
5817.600000 0.985524 nan
5818.400000 0.968430 nan
5819.200000 0.955177 nan
5820.000000 0.971368 nan
5820.800000 0.980447 nan
5821.600000 0.964891 nan
5822.400000 0.930482 nan
5823.200000 0.979947 nan
5824.000000 0.987791 nan
5824.800000 0.979147 nan
5825.600000 0.983161 nan
5826.400000 0.997185 nan
5827.200000 1.003691 nan
5828.000000 0.982157 nan
5828.800000 0.967434 nan
5829.600000 0.980956 nan
5830.400000 0.996666 nan
5831.200000 0.985877 nan
5832.000000 0.985774 nan
5832.800000 0.978721 nan
5833.600000 0.972726 nan
5834.400000 0.983361 nan
5835.200000 0.980793 nan
5836.000000 0.988208 nan
5836.800000 0.982156 nan
5837.600000 0.983732 nan
5838.400000 0.982460 nan
5839.200000 0.990007 nan
5840.000000 0.994165 nan
5840.800000 1.001627 nan
5841.600000 1.001450 nan
5842.400000 0.978298 nan
5843.200000 0.991988 nan
5844.000000 0.990904 nan
5844.800000 0.972907 nan
5845.600000 0.994090 nan
5846.400000 1.003157 nan
5847.200000 0.987418 nan
5848.000000 0.974306 nan
5848.800000 0.982935 nan
5849.600000 0.997059 nan
5850.400000 0.984135 nan
5851.200000 0.974575 nan
5852.000000 0.995253 nan
5852.800000 0.963400 nan
5853.600000 1.000662 nan
5854.400000 1.006915 nan
5855.200000 1.002607 nan
5856.000000 1.009843 nan
5856.800000 0.999324 nan
5857.600000 1.000355 nan
5858.400000 0.985739 nan
5859.200000 0.988031 nan
5860.000000 0.970079 nan
5860.800000 1.002911 nan
5861.600000 0.997566 nan
5862.400000 0.991549 nan
5863.200000 1.004879 nan
5864.000000 1.005165 nan
5864.800000 1.004768 nan
5865.600000 1.022932 nan
5866.400000 1.047865 nan
5867.200000 0.956240 nan
5868.000000 0.954717 nan
5868.800000 0.994676 nan
5869.600000 0.995980 nan
5870.400000 0.991148 nan
5871.200000 1.002834 nan
5872.000000 0.992887 nan
5872.800000 0.991859 nan
5873.600000 0.992379 nan
5874.400000 1.010007 nan
5875.200000 1.000528 nan
5876.000000 1.004242 nan
5876.800000 0.987944 nan
5877.600000 0.986226 nan
5878.400000 1.012182 nan
5879.200000 1.008213 nan
5880.000000 0.978898 nan
5880.800000 0.981245 nan
5881.600000 0.999455 nan
5882.400000 0.992828 nan
5883.200000 0.977643 nan
5884.000000 0.996361 nan
5884.800000 1.002303 nan
5885.600000 0.997882 nan
5886.400000 1.009420 nan
5887.200000 0.995671 nan
5888.000000 0.999573 nan
5888.800000 0.975300 nan
5889.600000 1.017721 nan
5890.400000 1.012154 nan
5891.200000 0.994727 nan
5892.000000 0.986701 nan
5892.800000 0.992178 nan
5893.600000 1.010631 nan
5894.400000 1.019966 nan
5895.200000 1.011830 nan
5896.000000 1.033407 nan
5896.800000 1.035023 nan
5897.600000 1.014799 nan
5898.400000 1.020701 nan
5899.200000 1.004008 nan
5900.000000 1.006700 nan
5900.800000 1.021407 nan
5901.600000 0.982321 nan
5902.400000 1.017865 nan
5903.200000 1.039067 nan
5904.000000 1.005670 nan
5904.800000 1.019482 nan
5905.600000 1.013522 nan
5906.400000 0.999054 nan
5907.200000 1.004358 nan
5908.000000 1.013612 nan
5908.800000 1.014178 nan
5909.600000 1.036441 nan
5910.400000 1.051489 nan
5911.200000 1.023407 nan
5912.000000 1.039791 nan
5912.800000 1.023600 nan
5913.600000 1.020533 nan
5914.400000 1.018339 nan
5915.200000 1.004819 nan
5916.000000 1.006770 nan
5916.800000 1.027163 nan
5917.600000 1.047866 nan
5918.400000 1.049160 nan
5919.200000 1.029684 nan
5920.000000 1.013415 nan
5920.800000 1.017062 nan
5921.600000 1.038286 nan
5922.400000 1.053018 nan
5923.200000 1.041441 nan
5924.000000 1.021974 nan
5924.800000 1.036521 nan
5925.600000 1.044522 nan
5926.400000 1.037308 nan
5927.200000 1.037834 nan
5928.000000 1.043474 nan
5928.800000 1.040956 nan
5929.600000 1.023775 nan
5930.400000 1.006160 nan
5931.200000 1.017412 nan
5932.000000 1.053125 nan
5932.800000 1.032662 nan
5933.600000 1.045343 nan
5934.400000 1.014873 nan
5935.200000 1.037749 nan
5936.000000 1.055734 nan
5936.800000 1.045782 nan
5937.600000 1.045320 nan
5938.400000 1.055579 nan
5939.200000 1.043060 nan
5940.000000 1.060159 nan
5940.800000 1.039722 nan
5941.600000 1.053015 nan
5942.400000 1.068044 nan
5943.200000 1.067816 nan
5944.000000 1.052259 nan
5944.800000 1.048122 nan
5945.600000 1.058594 nan
5946.400000 1.048413 nan
5947.200000 1.058189 nan
5948.000000 1.060882 nan
5948.800000 1.067868 nan
5949.600000 1.076555 nan
5950.400000 1.083180 nan
5951.200000 1.060148 nan
5952.000000 1.060029 nan
5952.800000 1.089923 nan
5953.600000 1.079393 nan
5954.400000 1.092879 nan
5955.200000 1.054467 nan
5956.000000 1.074561 nan
5956.800000 1.066002 nan
5957.600000 1.070874 nan
5958.400000 1.072397 nan
5959.200000 1.066039 nan
5960.000000 1.071350 nan
5960.800000 1.086743 nan
5961.600000 1.086687 nan
5962.400000 1.066859 nan
5963.200000 1.051006 nan
5964.000000 1.076392 nan
5964.800000 1.075811 nan
5965.600000 1.069917 nan
5966.400000 1.084152 nan
5967.200000 1.088674 nan
5968.000000 1.061191 nan
5968.800000 1.052553 nan
5969.600000 1.070432 nan
5970.400000 1.075755 nan
5971.200000 1.076624 nan
5972.000000 1.077844 nan
5972.800000 1.081922 nan
5973.600000 1.068575 nan
5974.400000 1.069448 nan
5975.200000 1.097646 nan
5976.000000 1.090550 nan
5976.800000 1.078502 nan
5977.600000 1.073077 nan
5978.400000 1.102569 nan
5979.200000 1.063574 nan
5980.000000 1.064642 nan
5980.800000 1.096008 nan
5981.600000 1.094451 nan
5982.400000 1.076002 nan
5983.200000 1.101626 nan
5984.000000 1.123472 nan
5984.800000 1.077861 nan
5985.600000 1.108690 nan
5986.400000 1.112982 nan
5987.200000 1.104157 nan
5988.000000 1.084057 nan
5988.800000 1.077109 nan
5989.600000 1.086108 nan
5990.400000 1.092555 nan
5991.200000 1.109502 nan
5992.000000 1.078117 nan
5992.800000 1.097717 nan
5993.600000 1.076504 nan
5994.400000 1.103888 nan
5995.200000 1.116137 nan
5996.000000 1.098355 nan
5996.800000 1.100579 nan
5997.600000 1.126545 nan
5998.400000 1.116265 nan
5999.200000 1.089014 nan
6000.000000 1.108228 nan
